t,x,y,z,a,
6.38E+13,3.2848446,-1.7022774,0.63206923,3,acc
6.38E+13,-1.8818425,5.209783,4.4460325,3,acc
6.38E+13,-0.23702596,0.033518825,-0.009576807,3,acc
6.38E+13,-0.16519992,-0.004788403,-0.02633622,3,acc
6.38E+13,-0.10295067,0.079008654,0.2801216,3,acc
6.38E+13,-0.11492168,-0.055066638,0.16998832,3,acc
6.38E+13,0.047884032,0.10295067,0.088585466,3,acc
6.38E+13,0.031124622,-0.035913024,0.002394202,3,acc
6.38E+13,-0.031124622,-0.06703765,0.004788403,3,acc
6.38E+13,0.007182605,-0.021547815,-0.11492168,3,acc
6.38E+13,0.04309563,0.05746084,-0.079008654,3,acc
6.38E+13,0.05746084,0.059855044,-0.12449849,3,acc
6.38E+13,0.047884032,0.04070143,-0.16280572,3,acc
6.38E+13,0.004788403,0.047884032,-0.12210429,3,acc
6.38E+13,0.045489833,0.019153614,0,3,acc
6.38E+13,0,0.11731588,0.004788403,3,acc
6.38E+13,0.016759412,0.19632454,-0.05746084,3,acc
6.38E+13,0.011971008,0.110133275,-0.16280572,3,acc
6.38E+13,0.10055647,0.033518825,-0.14844051,3,acc
6.38E+13,-0.06703765,0.090979666,-0.05267244,3,acc
6.38E+13,-0.009576807,0.059855044,-0.1316811,3,acc
6.38E+13,0.21547815,0.107739076,-0.1604115,3,acc
6.38E+13,0.15562311,0.007182605,-0.2705448,3,acc
6.38E+13,0.059855044,0.01436521,-0.30406362,3,acc
6.38E+13,0.24420857,-0.22026655,-0.40462008,3,acc
6.38E+13,0.12449849,-0.002394202,-0.22505496,3,acc
6.38E+13,0.035913024,-0.1364695,-0.3184288,3,acc
6.38E+13,0.08140286,-0.12210429,-0.1604115,3,acc
6.38E+13,0.25617957,0.04309563,-0.107739076,3,acc
6.38E+13,0.12928689,0.02873042,-0.12449849,3,acc
6.38E+13,0.24660277,-0.05267244,-0.110133275,3,acc
6.38E+13,0.02633622,-0.107739076,0.007182605,3,acc
6.38E+13,0.02633622,-0.23702596,-0.1316811,3,acc
6.38E+13,0.10055647,-0.05267244,-0.1604115,3,acc
6.38E+13,0.002394202,0.021547815,-0.011971008,3,acc
6.38E+13,-0.045489833,-0.12689269,0.06703765,3,acc
6.38E+13,-0.02633622,-0.019153614,0.10534488,3,acc
6.38E+13,0.033518825,-0.06943185,0.1412579,3,acc
6.38E+13,-0.08140286,-0.12689269,0.090979666,3,acc
6.38E+13,-0.009576807,-0.079008654,0.15322891,3,acc
6.38E+13,-0.09816227,-0.002394202,0.11492168,3,acc
6.38E+13,-0.06464344,0.01436521,0.050278235,3,acc
6.38E+13,-0.12928689,0.059855044,0.038307227,3,acc
6.38E+13,-0.11492168,0.06464344,-0.009576807,3,acc
6.38E+13,-0.10534488,-0.07182605,-0.01436521,3,acc
6.38E+13,-0.10295067,-0.059855044,-0.004788403,3,acc
6.38E+13,-0.17477672,0.10534488,-0.06943185,3,acc
6.38E+13,-0.1340753,0.25139117,-0.09816227,3,acc
6.38E+13,-0.20111294,0.25378537,-0.093373865,3,acc
6.38E+13,-0.21547815,0.23702596,-0.038307227,3,acc
6.38E+13,-0.19393034,0.25139117,-0.021547815,3,acc
6.38E+13,-0.12689269,0.062249243,0.038307227,3,acc
6.38E+13,-0.10055647,0.016759412,-0.04070143,3,acc
6.38E+13,-0.1412579,-0.06464344,-0.22266077,3,acc
6.38E+13,-0.14604631,-0.22984336,-0.31124622,3,acc
6.38E+13,-0.22744916,-0.19632454,-0.19153613,3,acc
6.38E+13,-0.20590134,-0.12689269,-0.11971009,3,acc
6.38E+13,-0.17477672,-0.004788403,-0.20590134,3,acc
6.38E+13,-0.18674773,-0.11252748,-0.11252748,3,acc
6.38E+13,-0.19393034,-0.076614454,-0.11971009,3,acc
6.38E+13,-0.260968,-0.08619126,0.05267244,3,acc
6.38E+13,-0.24420857,-0.050278235,0.1364695,3,acc
6.38E+13,-0.107739076,-0.031124622,0.21068975,3,acc
6.38E+13,-0.15801731,-0.05267244,0.2681506,3,acc
6.38E+13,-0.06943185,-0.17477672,0.28491,3,acc
6.38E+13,0.1412579,-0.18195933,0.18195933,3,acc
6.38E+13,0.22505496,-0.5363012,0.02873042,3,acc
6.38E+13,0,-0.8810662,0.038307227,3,acc
6.38E+13,-0.076614454,-0.7589619,-0.004788403,3,acc
6.38E+13,-0.009576807,-0.41180268,0.01436521,3,acc
6.38E+13,0.15083471,-0.107739076,0.08379706,3,acc
6.38E+13,0.062249243,-0.004788403,0.25617957,3,acc
6.38E+13,0.01436521,-0.02873042,0.2801216,3,acc
6.38E+13,0.047884032,-0.19153613,0.2873042,3,acc
6.38E+13,-0.004788403,-0.055066638,0.2705448,3,acc
6.38E+13,-0.021547815,-0.050278235,0.33039984,3,acc
6.38E+13,-0.11731588,-0.11492168,0.18914193,3,acc
6.38E+13,-0.06943185,-0.260968,0.12210429,3,acc
6.38E+13,-0.10055647,-0.29688102,0.20829555,3,acc
6.38E+13,-0.02633622,-0.19871874,-0.1340753,3,acc
6.38E+13,0.079008654,-0.1364695,-0.32321724,3,acc
6.38E+13,0.21068975,-0.033518825,-0.2753332,3,acc
6.38E+13,0.20590134,0.016759412,-0.2825158,3,acc
6.38E+13,0.1340753,0.021547815,-0.25139117,3,acc
6.38E+13,0.11731588,-0.06464344,-0.19153613,3,acc
6.38E+13,0.11731588,-0.06943185,-0.1388637,3,acc
6.38E+13,0.16280572,-0.06464344,-0.11252748,3,acc
6.38E+13,0.19153613,-0.093373865,-0.12449849,3,acc
6.38E+13,0.2896984,0.023942016,-0.29209262,3,acc
6.38E+13,0.35194764,0.009576807,-0.25857377,3,acc
6.38E+13,0.36870706,-0.10534488,-0.33997664,3,acc
6.38E+13,0.19153613,-0.18195933,-0.36391866,3,acc
6.38E+13,0.21308395,-0.14604631,-0.30166942,3,acc
6.38E+13,0.1340753,-0.090979666,-0.22984336,3,acc
6.38E+13,0.06703765,-0.1604115,-0.1388637,3,acc
6.38E+13,0.004788403,-0.1340753,-0.110133275,3,acc
6.38E+13,0.033518825,0.05267244,0.011971008,3,acc
6.38E+13,0.11492168,0.17477672,0.088585466,3,acc
6.38E+13,0.011971008,0.18195933,0.1316811,3,acc
6.38E+13,0.011971008,0.1604115,0.12210429,3,acc
6.38E+13,-0.009576807,0.16280572,0.1604115,3,acc
6.38E+13,-0.011971008,0.19632454,0.1436521,3,acc
6.38E+13,-0.05267244,0.30645782,0.24181437,3,acc
6.38E+13,-0.031124622,0.34955344,0.21787235,3,acc
6.38E+13,-0.011971008,0.2777274,0.1412579,3,acc
6.38E+13,-0.021547815,0.1604115,0.06943185,3,acc
6.38E+13,-0.023942016,0.1388637,0.016759412,3,acc
6.38E+13,0.002394202,0.033518825,-0.06464344,3,acc
6.38E+13,-0.059855044,0.05746084,-0.08619126,3,acc
6.38E+13,-0.055066638,0.12210429,-0.20350714,3,acc
6.38E+13,0.033518825,0.05267244,-0.1412579,3,acc
6.38E+13,-0.021547815,0.023942016,-0.2633622,3,acc
6.38E+13,0.01436521,-0.05267244,-0.36152446,3,acc
6.38E+13,0.016759412,-0.002394202,-0.37828386,3,acc
6.38E+13,-0.002394202,0.05267244,-0.34476504,3,acc
6.38E+13,-0.062249243,0.093373865,-0.2657564,3,acc
6.38E+13,-0.035913024,0.19393034,-0.2825158,3,acc
6.38E+13,-0.08619126,0.18674773,-0.19393034,3,acc
6.38E+13,-0.14604631,0.18435353,-0.15322891,3,acc
6.38E+13,-0.20829555,0.22026655,-0.095768064,3,acc
6.38E+13,-0.2657564,0.1604115,-0.062249243,3,acc
6.38E+13,-0.22744916,0.076614454,-0.079008654,3,acc
6.38E+13,-0.20111294,0.15083471,0.004788403,3,acc
6.38E+13,-0.22984336,0.1412579,-0.01436521,3,acc
6.38E+13,-0.11492168,0.20829555,0.045489833,3,acc
6.38E+13,-0.11492168,0.15083471,0.095768064,3,acc
6.38E+13,-0.016759412,0.1412579,0.009576807,3,acc
6.38E+13,-0.02633622,0.21068975,0.045489833,3,acc
6.38E+13,0.033518825,0.20350714,0.10534488,3,acc
6.38E+13,0.12449849,0.20111294,0.10295067,3,acc
6.38E+13,0.050278235,0.074220255,0.05267244,3,acc
6.38E+13,0.079008654,0.050278235,-0.023942016,3,acc
6.38E+13,0.033518825,0.021547815,-0.079008654,3,acc
6.38E+13,0.019153614,0.004788403,-0.15801731,3,acc
6.38E+13,-0.004788403,-0.088585466,-0.16998832,3,acc
6.38E+13,0.019153614,-0.062249243,-0.17238252,3,acc
6.38E+13,0,0.019153614,-0.15801731,3,acc
6.38E+13,0.031124622,0.045489833,-0.1604115,3,acc
6.38E+13,0.016759412,0.023942016,-0.1604115,3,acc
6.38E+13,0.04070143,0.107739076,-0.19393034,3,acc
6.38E+13,0.01436521,-0.04309563,-0.21308395,3,acc
6.38E+13,-0.06703765,0,-0.18674773,3,acc
6.38E+13,-0.038307227,-0.04309563,-0.17717093,3,acc
6.38E+13,0.023942016,-0.011971008,-0.21068975,3,acc
6.38E+13,0.021547815,-0.076614454,-0.29927522,3,acc
6.38E+13,0.05267244,-0.10295067,-0.4213795,3,acc
6.38E+13,0.12928689,0.12210429,-0.39264908,3,acc
6.38E+13,0.1316811,0.17956513,-0.34476504,3,acc
6.38E+13,0.095768064,0.22266077,-0.38067806,3,acc
6.38E+13,0.1412579,0.19393034,-0.4357447,3,acc
6.38E+13,0.10534488,0.1316811,-0.32800564,3,acc
6.38E+13,0.079008654,-0.011971008,-0.36870706,3,acc
6.38E+13,0.107739076,-0.02873042,-0.31364042,3,acc
6.38E+13,0.10534488,0.045489833,-0.5746084,3,acc
6.38E+13,0.20350714,0.16280572,-0.5291186,3,acc
6.38E+13,0.29448682,0.17477672,-0.58657944,3,acc
6.38E+13,0.25378537,0.25378537,-0.7086837,3,acc
6.38E+13,0.32321724,0.25139117,-0.7278373,3,acc
6.38E+13,0.20590134,0.24181437,-0.78290397,3,acc
6.38E+13,0.21787235,0.10534488,-0.6895301,3,acc
6.38E+13,-0.047884032,-0.059855044,-0.7398083,3,acc
6.38E+13,0.20590134,-0.004788403,-0.6536171,3,acc
6.38E+13,0.1436521,0.10534488,-0.6607997,3,acc
6.38E+13,0.34476504,0.33279404,-0.80924016,3,acc
6.38E+13,0.6799533,0.51954174,-0.91937345,3,acc
6.38E+13,0.770933,0.44771573,-1.0127473,3,acc
6.38E+13,0.80205756,0.36631286,-1.0773908,3,acc
6.38E+13,0.92176765,0.2801216,-0.9744401,3,acc
6.38E+13,1.043872,0.34237084,-0.78290397,3,acc
6.38E+13,1.0869676,0.47884035,-0.78769237,3,acc
6.38E+13,1.2785037,0.7541735,-0.79966336,3,acc
6.38E+13,1.5897499,0.94331545,-0.7469909,3,acc
6.38E+13,1.7836803,0.9648633,-0.7565677,3,acc
6.38E+13,2.0111294,1.1133038,-0.7038953,3,acc
6.38E+13,2.0925324,1.2785037,-0.7206547,3,acc
6.38E+13,2.207454,1.484405,-0.6751649,3,acc
6.38E+13,2.4492683,1.6998832,-0.6607997,3,acc
6.38E+13,2.5809495,1.8579005,-0.62967503,3,acc
6.38E+13,2.5570073,1.9009962,-0.4405331,3,acc
6.38E+13,2.44448,2.0207062,-0.272939,3,acc
6.38E+13,2.1978772,2.3199813,0.260968,3,acc
6.38E+13,2.3343468,2.566584,0.18914193,3,acc
6.38E+13,3.3255463,1.6639702,-0.01436521,3,acc
6.38E+13,3.8738184,1.2497733,-0.2681506,3,acc
6.38E+13,4.0318356,1.7286136,-0.5674258,3,acc
6.38E+13,4.0773253,2.2026656,-0.93134445,3,acc
6.38E+13,4.1802764,2.3247697,-1.055843,3,acc
6.38E+13,4.074931,2.1499932,-0.7613561,3,acc
6.38E+13,3.8235402,2.0470424,-0.40940848,3,acc
6.38E+13,3.4117374,1.6208745,-0.24181437,3,acc
6.38E+13,3.0693667,1.2162545,-0.17477672,3,acc
6.38E+13,2.908955,1.2617443,-0.47644615,3,acc
6.38E+13,2.779668,1.5107412,-0.49081135,3,acc
6.38E+13,2.7820623,1.8674773,-0.22744916,3,acc
6.38E+13,2.0709844,2.1452048,0.18674773,3,acc
6.38E+13,1.0223241,1.9536686,0.7278373,3,acc
6.38E+13,-0.2681506,1.1085154,0.878672,3,acc
6.38E+13,-1.364695,-0.079008654,0.3184288,3,acc
6.38E+13,-2.1571758,-0.80445176,-0.18914193,3,acc
6.38E+13,-2.753332,-0.7517793,0.074220255,3,acc
6.38E+13,-3.0142999,-0.260968,0.80684596,3,acc
6.38E+13,-2.741361,0.033518825,0.92416185,3,acc
6.38E+13,-2.779668,0.19393034,0.79248077,3,acc
6.38E+13,-3.1747115,0.1388637,0.5291186,3,acc
6.38E+13,-3.442862,-0.49559975,0.11252748,3,acc
6.38E+13,-4.0078936,-1.2617443,-0.11492168,3,acc
6.38E+13,-4.6519337,-1.3024458,-0.60094464,3,acc
6.38E+13,-4.280833,-0.60333884,-0.7158663,3,acc
6.38E+13,-3.86903,0.4237737,-1.1899183,3,acc
6.38E+13,-3.3494883,1.3790601,-1.6639702,3,acc
6.38E+13,-3.040636,2.5019407,-2.5258827,3,acc
6.38E+13,-2.3415294,3.229778,-3.4237084,3,acc
6.38E+13,-2.0949266,2.765303,-3.572149,3,acc
6.38E+13,-2.4061728,1.5705963,-4.2066126,3,acc
6.38E+13,-2.9281087,-0.059855044,-4.8865657,3,acc
6.38E+13,-3.4356794,-1.3838485,-5.327099,3,acc
6.38E+13,-3.5936968,-2.030283,-5.518635,3,acc
6.38E+13,-3.6990416,-2.1452048,-5.5976434,3,acc
6.38E+13,-3.5314474,-1.4891934,-5.3438582,3,acc
6.38E+13,-3.2992098,-0.58657944,-4.673482,3,acc
6.38E+13,-2.9759927,0.5770026,-4.0797195,3,acc
6.38E+13,-2.5474305,1.3192052,-3.7134068,3,acc
6.38E+13,-2.1164744,1.6663644,-3.502717,3,acc
6.38E+13,-2.315193,0.7757214,-1.99437,3,acc
6.38E+13,-2.966416,0.17238252,-0.60812724,3,acc
6.38E+13,-3.833117,0.49081135,0.93613285,3,acc
6.38E+13,-3.7062242,0.6368576,1.6663644,3,acc
6.38E+13,-3.3494883,0.24899697,2.3439236,3,acc
6.38E+13,-3.4596214,-0.08619126,2.3127987,3,acc
6.38E+13,-3.5242648,0.009576807,1.697489,3,acc
6.38E+13,-3.9456444,0.30406362,1.4867992,3,acc
6.38E+13,-4.1371803,1.1372458,1.9608512,3,acc
6.38E+13,-3.6415808,2.2960393,2.207454,3,acc
6.38E+13,-1.8914193,2.861071,2.3798366,3,acc
6.38E+13,2.054225,2.633622,1.340753,3,acc
6.38E+13,3.572149,-1.4748282,2.6024973,3,acc
6.38E+13,1.7405846,-3.6990416,7.0724716,3,acc
6.38E+13,1.0845734,-3.4931402,10.266336,3,acc
6.38E+13,1.4317327,-3.1603463,10.819398,3,acc
6.38E+13,2.5498247,-1.7860745,6.9647326,3,acc
6.38E+13,3.6703112,-0.25378537,2.5258827,3,acc
6.38E+13,4.2664676,0.17477672,0.44771573,3,acc
6.38E+13,-1.5251064,5.719748,-5.851429,3,acc
6.38E+13,4.9416323,1.0821792,-8.221688,3,acc
6.38E+13,8.394072,-1.079785,-9.136273,3,acc
6.38E+13,9.363723,-3.4835634,-10.357317,3,acc
6.38E+13,6.8282633,-1.5658079,-6.3925185,3,acc
6.38E+13,4.7141833,4.1491513,-2.9520507,3,acc
6.38E+13,1.6663644,7.0221934,-0.8331822,3,acc
6.38E+13,-0.44771573,8.169016,-0.10055647,3,acc
6.38E+13,-1.2186487,10.42196,-1.7764976,3,acc
6.38E+13,-3.2202013,14.348451,-5.056554,3,acc
6.38E+13,5.559336,8.827422,-4.1012673,3,acc
6.38E+13,25.910051,12.586318,2.066196,3,acc
6.38E+13,60.374584,25.886108,23.673866,3,acc
6.38E+13,74.5722,4.9105077,6.172252,3,acc
6.38E+13,-48.094723,-4.7979803,31.840488,3,acc
6.38E+13,53.56308,-53.33084,11.188105,3,acc
6.38E+13,-6.471527,2.6479871,11.123461,3,acc
6.38E+13,21.543026,-12.739547,-1.6065093,3,acc
6.38E+13,-15.820885,-6.3542113,9.739613,3,acc
6.38E+13,-12.727576,-13.567941,6.5840545,3,acc
6.38E+13,-22.18946,-0.5410896,-0.34715924,3,acc
6.38E+13,-15.725117,1.6639702,-10.465055,3,acc
6.38E+13,-8.829816,6.066907,-14.231135,3,acc
6.38E+13,2.171541,3.0933087,-15.696386,3,acc
6.38E+13,16.292543,4.5418005,-13.745112,3,acc
6.38E+13,14.45619,4.285621,-4.817134,3,acc
6.38E+13,0.6631939,-1.520318,-0.34715924,3,acc
6.38E+13,-10.785878,-5.5018754,2.1859062,3,acc
6.38E+13,-7.723695,-5.521029,3.8642416,3,acc
6.38E+13,-44.40526,-28.998571,-5.2241483,3,acc
6.38E+13,21.358673,1.2066777,-15.725117,3,acc
6.38E+13,20.12087,2.8634653,-5.8586116,3,acc
6.38E+13,8.075643,0.49799395,-1.9871874,3,acc
6.38E+13,2.597709,-3.857059,2.1404164,3,acc
6.38E+13,-3.0693667,5.3007627,4.7668557,3,acc
6.38E+13,-0.22984336,4.9200845,1.910573,3,acc
6.38E+13,-0.45729253,4.55856,1.400608,3,acc
6.38E+13,3.5913026,15.296555,4.501099,3,acc
6.38E+13,1.1420342,15.085865,4.465186,3,acc
6.38E+13,-3.7732618,19.428947,0.7757214,3,acc
6.38E+13,-10.788273,13.958196,-0.06703765,3,acc
6.38E+13,-6.2943563,11.700463,-1.4293385,3,acc
6.38E+13,2.267309,16.517597,-2.1428106,3,acc
6.38E+13,0.2825158,11.27669,2.0638018,3,acc
6.38E+13,-4.829105,2.372654,1.3455414,3,acc
6.38E+13,-5.803545,-1.3934253,0.7637503,3,acc
6.38E+13,-1.6160861,-2.4971523,-1.7022774,3,acc
6.38E+13,2.9472623,-4.012682,-5.8634,3,acc
6.38E+13,1.0965444,-1.4413095,-8.825027,3,acc
6.38E+13,-2.0254946,5.6886234,-8.197746,3,acc
6.38E+13,-0.31603462,4.331111,-9.909601,3,acc
6.38E+13,0.20111294,2.3319526,-9.220071,3,acc
6.38E+13,0.40940848,0.7781156,-7.240066,3,acc
6.38E+13,1.6328455,-0.58657944,-5.133168,3,acc
6.38E+13,2.1212628,-1.6112977,-2.4827871,3,acc
6.38E+13,1.6424223,-2.4133554,-1.4772224,3,acc
6.38E+13,1.2761095,-3.1411927,-0.91458505,3,acc
6.38E+13,3.4452562,-3.655946,-1.520318,3,acc
6.38E+13,1.8531121,-4.2544966,-0.7685388,3,acc
6.38E+13,0.2777274,-8.5473,3.1004913,3,acc
6.38E+13,-0.22744916,-10.230424,4.015076,3,acc
6.38E+13,-0.50038815,-7.3549876,5.3127337,3,acc
6.38E+13,0.9792285,-6.019023,4.8626237,3,acc
6.38E+13,1.3982137,-4.4963107,3.9073372,3,acc
6.38E+13,1.4748282,-2.7820623,3.074155,3,acc
6.38E+13,2.0638018,-1.0726024,2.1284454,3,acc
6.38E+13,2.111686,0.545878,1.316811,3,acc
6.38E+13,2.1906946,1.5753847,0.63206923,3,acc
6.38E+13,0.9672575,3.1052797,0.033518825,3,acc
6.38E+13,-0.05746084,3.1627405,-0.6751649,3,acc
6.38E+13,-0.1436521,1.8387469,-0.81163436,3,acc
6.38E+13,-0.35913026,0.22026655,0.16998832,3,acc
6.38E+13,0.18435353,-1.055843,0.7685388,3,acc
6.38E+13,0.91219085,-1.7381904,1.3239936,3,acc
6.38E+13,0.7685388,-1.3263878,1.5179238,3,acc
6.38E+13,0.7469909,-0.8595184,1.0534488,3,acc
6.38E+13,1.1540052,-0.23942018,0.6368576,3,acc
6.38E+13,1.043872,0.6392518,0.06943185,3,acc
6.38E+13,0.8738836,0.46447513,-0.37349546,3,acc
6.38E+13,0.90500826,-0.16280572,-0.4213795,3,acc
6.38E+13,1.0606314,-0.30645782,-0.30166942,3,acc
6.38E+13,0.9911995,-0.24181437,0.30645782,3,acc
6.38E+13,0.58418524,-0.770933,0.80924016,3,acc
6.38E+13,0.79726917,-1.0869676,1.376666,3,acc
6.38E+13,1.0151415,-0.5315128,1.6136919,3,acc
6.38E+13,1.1300632,0.011971008,1.4867992,3,acc
6.38E+13,0.8379706,-0.02633622,1.2138603,3,acc
6.38E+13,0.4405331,0,1.0462662,3,acc
6.38E+13,0.08619126,0.2801216,0.9744401,3,acc
6.38E+13,0.1436521,0.32321724,0.89303726,3,acc
6.38E+13,0.1436521,0.34237084,0.60812724,3,acc
6.38E+13,0.050278235,0.557849,0.62967503,3,acc
6.38E+13,0.22744916,0.37588966,0.8403648,3,acc
6.38E+13,0.581791,0.23942018,0.9672575,3,acc
6.38E+13,1.6041151,0.074220255,0.91219085,3,acc
6.38E+13,1.8962077,0.23702596,0.320823,3,acc
6.38E+13,1.5610195,0.47165772,-0.33518824,3,acc
6.38E+13,1.055843,0.31364042,-0.5554548,3,acc
6.38E+13,0.31124622,0.095768064,-0.37110126,3,acc
6.38E+13,-0.20111294,-0.20111294,0.004788403,3,acc
6.38E+13,-0.29927522,-0.47405192,0.5267244,3,acc
6.38E+13,-0.25139117,-0.521936,0.6919243,3,acc
6.38E+13,-0.110133275,-0.34476504,0.7086837,3,acc
6.38E+13,-0.035913024,0.18674773,0.4285621,3,acc
6.38E+13,0.21308395,0.61770403,-0.06703765,3,acc
6.38E+13,0.19871874,0.8475474,-0.2873042,3,acc
6.38E+13,-0.17956513,0.7326257,-0.20350714,3,acc
6.38E+13,-0.45729253,0.45010993,-0.02633622,3,acc
6.38E+13,-0.5434838,0.16998832,0.18195933,3,acc
6.38E+13,-0.29688102,0.18195933,0.15083471,3,acc
6.38E+13,-0.16759412,0.1412579,0.16280572,3,acc
6.38E+13,-0.095768064,0.22744916,0.23223756,3,acc
6.38E+13,-0.17717093,0.019153614,0.12689269,3,acc
6.38E+13,-0.2777274,-0.15562311,0.15083471,3,acc
6.38E+13,-0.38307226,-0.22505496,0.15801731,3,acc
6.38E+13,-0.40462008,-0.41180268,0.090979666,3,acc
6.38E+13,-0.22505496,-0.3184288,0.079008654,3,acc
6.38E+13,-0.047884032,-0.17477672,0.095768064,3,acc
6.38E+13,-0.007182605,0.009576807,0.019153614,3,acc
6.38E+13,-0.038307227,0.06943185,-0.033518825,3,acc
6.38E+13,-0.06943185,-0.21787235,0.11731588,3,acc
6.38E+13,-0.107739076,-0.56982,0.31124622,3,acc
6.38E+13,-0.15083471,-0.6560113,0.40940848,3,acc
6.38E+13,-0.12689269,-0.50038815,0.23463176,3,acc
6.38E+13,-0.016759412,-0.33039984,0.002394202,3,acc
6.38E+13,-0.04070143,-0.1604115,-0.12210429,3,acc
6.38E+13,-0.074220255,-0.17238252,-0.095768064,3,acc
6.38E+13,-0.059855044,-0.18674773,-0.038307227,3,acc
6.38E+13,-0.06943185,-0.09816227,0,3,acc
6.38E+13,-0.16998832,0.007182605,-0.05746084,3,acc
6.38E+13,-0.21787235,-0.007182605,-0.02633622,3,acc
6.38E+13,-0.21787235,-0.04070143,-0.045489833,3,acc
6.38E+13,-0.1412579,-0.11252748,-0.05267244,3,acc
6.38E+13,-0.10295067,-0.19632454,-0.06703765,3,acc
6.38E+13,-0.019153614,-0.10295067,-0.12449849,3,acc
6.38E+13,-0.07182605,0.059855044,-0.1364695,3,acc
6.38E+13,0.019153614,0.038307227,-0.035913024,3,acc
6.38E+13,0.059855044,-0.15322891,0.059855044,3,acc
6.38E+13,0.079008654,-0.16519992,0.2825158,3,acc
6.38E+13,0.055066638,-0.004788403,0.15322891,3,acc
6.38E+13,0.07182605,0.002394202,-0.05746084,3,acc
6.38E+13,-0.10055647,0.079008654,-0.05746084,3,acc
6.38E+13,-0.11492168,0.08379706,-0.12689269,3,acc
6.38E+13,0.023942016,0.08140286,-0.076614454,3,acc
6.38E+13,0.14844051,0.045489833,-0.02873042,3,acc
6.38E+13,0.10295067,-0.033518825,-0.019153614,3,acc
6.38E+13,-0.002394202,-0.093373865,0,3,acc
6.38E+13,-0.059855044,-0.12689269,0.035913024,3,acc
6.38E+13,-0.093373865,-0.12928689,0.035913024,3,acc
6.38E+13,-0.11971009,-0.15083471,0.076614454,3,acc
6.38E+13,-0.055066638,-0.06703765,-0.007182605,3,acc
6.38E+13,0.05267244,0.031124622,-0.038307227,3,acc
6.38E+13,-0.05267244,-0.004788403,-0.06703765,3,acc
6.38E+13,-0.1436521,-0.05746084,-0.14844051,3,acc
6.38E+13,0.12449849,0.06464344,-0.2801216,3,acc
6.38E+13,-0.12689269,-0.22505496,-0.009576807,3,acc
6.38E+13,-0.30166942,-0.20829555,0.09816227,3,acc
6.38E+13,0.016759412,-0.1316811,0.038307227,3,acc
6.38E+13,0.15083471,-0.06464344,-0.10534488,3,acc
6.38E+13,0.06464344,-0.02633622,-0.15562311,3,acc
6.38E+13,-0.007182605,-0.18674773,-0.06703765,3,acc
6.38E+13,-0.10055647,-0.16759412,0.004788403,3,acc
6.38E+13,-0.016759412,-0.093373865,0.031124622,3,acc
6.38E+13,0.02633622,-0.12449849,0,3,acc
6.38E+13,0.06464344,-0.002394202,-0.002394202,3,acc
6.38E+13,0.038307227,-0.1364695,-0.02633622,3,acc
6.38E+13,-0.04309563,-0.10055647,-0.059855044,3,acc
6.38E+13,-0.1412579,-0.10295067,-0.031124622,3,acc
6.38E+13,0.011971008,-0.11252748,-0.062249243,3,acc
6.38E+13,-0.019153614,-0.050278235,-0.05267244,3,acc
6.38E+13,-0.016759412,-0.019153614,-0.050278235,3,acc
6.38E+13,0.047884032,0.011971008,-0.02873042,3,acc
6.38E+13,0.011971008,-0.047884032,0.08619126,3,acc
6.38E+13,-0.074220255,-0.033518825,0.045489833,3,acc
6.38E+13,-0.15083471,0.050278235,-0.023942016,3,acc
6.38E+13,-0.10534488,-0.007182605,0,3,acc
6.38E+13,-0.06703765,0.045489833,-0.038307227,3,acc
6.38E+13,-0.004788403,0.047884032,-0.11252748,3,acc
6.38E+13,-0.009576807,0,-0.10055647,3,acc
6.38E+13,-0.035913024,-0.016759412,-0.10534488,3,acc
6.38E+13,-0.04070143,-0.002394202,0.023942016,3,acc
6.38E+13,-0.021547815,-0.02873042,0.033518825,3,acc
6.38E+13,0,0.004788403,0.076614454,3,acc
6.38E+13,0.079008654,-0.055066638,0.06464344,3,acc
6.38E+13,-0.08140286,-0.110133275,0.090979666,3,acc
6.38E+13,-0.023942016,-0.15322891,0.038307227,3,acc
6.38E+13,-0.07182605,-0.08619126,0.011971008,3,acc
6.38E+13,-0.021547815,-0.093373865,-0.047884032,3,acc
6.38E+13,-0.021547815,-0.11252748,-0.1364695,3,acc
6.38E+13,0.02873042,-0.02633622,-0.090979666,3,acc
6.38E+13,0.01436521,-0.12928689,-0.08140286,3,acc
6.38E+13,0,-0.023942016,0.062249243,3,acc
6.38E+13,-0.076614454,-0.009576807,0.074220255,3,acc
6.38E+13,-0.016759412,0.062249243,0.021547815,3,acc
6.38E+13,0.002394202,-0.011971008,-0.074220255,3,acc
6.38E+13,-0.01436521,-0.031124622,-0.11971009,3,acc
6.38E+13,-0.045489833,0.007182605,-0.10534488,3,acc
6.38E+13,-0.031124622,-0.11252748,-0.110133275,3,acc
6.38E+13,0.1388637,-0.107739076,-0.045489833,3,acc
6.38E+13,0.04070143,-0.11731588,0.02873042,3,acc
6.38E+13,-0.08379706,-0.06943185,0.02873042,3,acc
6.38E+13,-0.12689269,-0.023942016,0.031124622,3,acc
6.38E+13,0,-0.059855044,0.04309563,3,acc
6.38E+13,0.06943185,-0.079008654,0.045489833,3,acc
6.38E+13,0.002394202,-0.07182605,-0.04309563,3,acc
6.38E+13,0.033518825,-0.1316811,-0.08379706,3,acc
6.38E+13,0.035913024,-0.10534488,-0.06943185,3,acc
6.38E+13,0.055066638,-0.093373865,-0.09816227,3,acc
6.38E+13,0.045489833,-0.093373865,0.004788403,3,acc
6.38E+13,0.076614454,-0.021547815,0,3,acc
6.38E+13,0.05746084,-0.062249243,0.055066638,3,acc
6.38E+13,0.038307227,-0.08379706,0.038307227,3,acc
6.38E+13,0.062249243,0.01436521,0.033518825,3,acc
6.38E+13,-0.062249243,0,-0.002394202,3,acc
6.38E+13,-0.05746084,-0.021547815,-0.047884032,3,acc
6.38E+13,-0.035913024,-0.04070143,0.019153614,3,acc
6.38E+13,-0.002394202,0.10295067,-0.062249243,3,acc
6.38E+13,-0.033518825,-0.062249243,-0.050278235,3,acc
6.38E+13,0.016759412,-0.079008654,-0.05267244,3,acc
6.38E+13,0.090979666,-0.08140286,-0.011971008,3,acc
6.38E+13,0.04070143,-0.093373865,0.011971008,3,acc
6.38E+13,-0.021547815,-0.06703765,0.035913024,3,acc
6.38E+13,-0.07182605,0,-0.004788403,3,acc
6.38E+13,-0.1316811,-0.021547815,0.031124622,3,acc
6.38E+13,-0.023942016,0.059855044,0.011971008,3,acc
6.38E+13,0.002394202,0.021547815,-0.002394202,3,acc
6.38E+13,0.05746084,-0.031124622,-0.004788403,3,acc
6.38E+13,-0.079008654,0.031124622,-0.019153614,3,acc
6.38E+13,-0.05267244,-0.02633622,0.004788403,3,acc
6.38E+13,0.02633622,-0.021547815,-0.047884032,3,acc
6.38E+13,-0.10055647,-0.11971009,-0.023942016,3,acc
6.38E+13,-0.06464344,-0.12449849,0.02873042,3,acc
6.38E+13,0.107739076,-0.04070143,-0.002394202,3,acc
6.38E+13,0.08379706,-0.076614454,-0.009576807,3,acc
6.38E+13,0.019153614,-0.06703765,-0.10295067,3,acc
6.38E+13,-0.009576807,-0.15083471,-0.062249243,3,acc
6.38E+13,-0.021547815,-0.08140286,-0.033518825,3,acc
6.38E+13,0.04070143,-0.09816227,0.031124622,3,acc
6.38E+13,0.01436521,0.011971008,-0.079008654,3,acc
6.38E+13,0.095768064,-0.033518825,0,3,acc
6.38E+13,0.11252748,-0.06943185,0.009576807,3,acc
6.38E+13,0.004788403,-0.016759412,-0.007182605,3,acc
6.38E+13,-0.06943185,-0.15083471,-0.009576807,3,acc
6.38E+13,-0.055066638,-0.107739076,-0.007182605,3,acc
6.38E+13,0.110133275,-0.02873042,-0.019153614,3,acc
6.38E+13,0.12449849,0.038307227,-0.031124622,3,acc
6.38E+13,0.038307227,0,-0.050278235,3,acc
6.38E+13,0.079008654,-0.033518825,0.007182605,3,acc
6.38E+13,0.059855044,-0.016759412,0.050278235,3,acc
6.38E+13,-0.059855044,0.021547815,0.031124622,3,acc
6.38E+13,-0.04070143,-0.059855044,-0.019153614,3,acc
6.38E+13,-0.038307227,-0.009576807,-0.033518825,3,acc
6.38E+13,0,-0.047884032,-0.04070143,3,acc
6.38E+13,0,0.04070143,-0.050278235,3,acc
6.38E+13,-0.009576807,0.02633622,-0.033518825,3,acc
6.38E+13,0.08140286,0.02873042,0.021547815,3,acc
6.38E+13,0.04309563,-0.035913024,-0.035913024,3,acc
6.38E+13,0.002394202,-0.059855044,0.050278235,3,acc
6.38E+13,0.07182605,-0.095768064,0.050278235,3,acc
6.38E+13,-0.04070143,-0.12210429,-0.007182605,3,acc
6.38E+13,0.047884032,0.01436521,-0.038307227,3,acc
6.38E+13,0.062249243,-0.076614454,-0.019153614,3,acc
6.38E+13,-0.02633622,0.07182605,-0.062249243,3,acc
6.38E+13,-0.05746084,0.035913024,0.007182605,3,acc
6.38E+13,-0.090979666,0.033518825,-0.02873042,3,acc
6.38E+13,0.004788403,-0.047884032,-0.06464344,3,acc
6.38E+13,0.05267244,0.047884032,-0.055066638,3,acc
6.38E+13,0.12689269,0.076614454,0.009576807,3,acc
6.38E+13,0.12449849,0.023942016,0.009576807,3,acc
6.38E+13,0.05267244,0.04309563,-0.06943185,3,acc
6.38E+13,0.007182605,-0.055066638,-0.062249243,3,acc
6.38E+13,-0.045489833,-0.055066638,-0.033518825,3,acc
6.38E+13,-0.035913024,-0.038307227,-0.059855044,3,acc
6.38E+13,-0.023942016,-0.055066638,0.004788403,3,acc
6.38E+13,-0.047884032,-0.033518825,-0.002394202,3,acc
6.38E+13,0.06464344,-0.090979666,0.038307227,3,acc
6.38E+13,0.05746084,-0.107739076,-0.002394202,3,acc
6.38E+13,-0.06464344,-0.095768064,0.06943185,3,acc
6.38E+13,0.007182605,-0.11252748,0.011971008,3,acc
6.38E+13,0.002394202,-0.059855044,-0.055066638,3,acc
6.38E+13,-0.055066638,-0.06943185,-0.12689269,3,acc
6.38E+13,0.031124622,0,-0.10534488,3,acc
6.38E+13,0.06703765,0.045489833,0,3,acc
6.38E+13,-0.002394202,-0.004788403,0.047884032,3,acc
6.38E+13,-0.05267244,-0.079008654,-0.019153614,3,acc
6.38E+13,-0.02873042,-0.15322891,-0.047884032,3,acc
6.38E+13,0.007182605,-0.035913024,0.045489833,3,acc
6.38E+13,0.038307227,0.002394202,0.002394202,3,acc
6.38E+13,0.11731588,-0.045489833,0.016759412,3,acc
6.38E+13,0.11731588,-0.045489833,0.01436521,3,acc
6.38E+13,0.035913024,-0.050278235,-0.031124622,3,acc
6.38E+13,0.090979666,-0.019153614,-0.02633622,3,acc
6.38E+13,0.062249243,-0.021547815,-0.02633622,3,acc
6.38E+13,0.04070143,-0.01436521,-0.035913024,3,acc
6.38E+13,-0.02873042,0.019153614,-0.079008654,3,acc
6.38E+13,0,-0.076614454,-0.06464344,3,acc
6.38E+13,-0.05267244,-0.033518825,0.031124622,3,acc
6.38E+13,-0.076614454,-0.033518825,0.08619126,3,acc
6.38E+13,-0.038307227,0.062249243,-0.009576807,3,acc
6.38E+13,0,-0.019153614,-0.033518825,3,acc
6.38E+13,0.02633622,-0.090979666,-0.04309563,3,acc
6.38E+13,0.02873042,0,-0.08140286,3,acc
6.38E+13,0.107739076,0.004788403,-0.062249243,3,acc
6.38E+13,0.08140286,-0.01436521,-0.079008654,3,acc
6.38E+13,0.04309563,-0.076614454,-0.016759412,3,acc
6.38E+13,0.011971008,-0.090979666,-0.002394202,3,acc
6.38E+13,-0.05746084,-0.08140286,0.055066638,3,acc
6.38E+13,-0.01436521,-0.021547815,-0.01436521,3,acc
6.38E+13,0.01436521,-0.019153614,0.01436521,3,acc
6.38E+13,0.023942016,-0.031124622,-0.016759412,3,acc
6.38E+13,0.002394202,-0.050278235,-0.033518825,3,acc
6.38E+13,-0.01436521,-0.002394202,-0.04070143,3,acc
6.38E+13,-0.059855044,-0.10055647,-0.08140286,3,acc
6.38E+13,0.033518825,-0.08619126,-0.031124622,3,acc
6.38E+13,0.021547815,-0.04309563,0.05746084,3,acc
6.38E+13,0.050278235,-0.1316811,0.04309563,3,acc
6.38E+13,-0.045489833,-0.088585466,0.02873042,3,acc
6.38E+13,0.004788403,-0.045489833,0.007182605,3,acc
6.38E+13,-0.016759412,-0.031124622,0.023942016,3,acc
6.38E+13,0.035913024,-0.04309563,0.02633622,3,acc
6.38E+13,-0.07182605,-0.10295067,0,3,acc
6.38E+13,-0.035913024,0.007182605,-0.016759412,3,acc
6.38E+13,0.009576807,-0.019153614,-0.055066638,3,acc
6.38E+13,0.009576807,0.009576807,-0.047884032,3,acc
6.38E+13,-0.076614454,-0.04070143,-0.016759412,3,acc
6.38E+13,0.062249243,0.02633622,0.09816227,3,acc
6.38E+13,0.1412579,0.10055647,0.05746084,3,acc
6.38E+13,0.09816227,-0.04309563,0.009576807,3,acc
6.38E+13,-0.08379706,-0.079008654,0.002394202,3,acc
6.38E+13,-0.08140286,-0.093373865,-0.062249243,3,acc
6.38E+13,-0.047884032,-0.06703765,-0.095768064,3,acc
6.38E+13,0.055066638,-0.045489833,-0.045489833,3,acc
6.38E+13,0.050278235,-0.06943185,-0.047884032,3,acc
6.38E+13,0.035913024,0.011971008,0.06464344,3,acc
6.38E+13,0.06703765,-0.06703765,0.062249243,3,acc
6.38E+13,0.038307227,-0.055066638,-0.01436521,3,acc
6.38E+13,-0.002394202,-0.093373865,-0.059855044,3,acc
6.38E+13,-0.021547815,-0.05267244,-0.033518825,3,acc
6.38E+13,-0.062249243,-0.045489833,-0.023942016,3,acc
6.38E+13,-0.016759412,-0.023942016,-0.04070143,3,acc
6.38E+13,-0.02873042,0.033518825,-0.035913024,3,acc
6.38E+13,0.033518825,-0.02633622,0.009576807,3,acc
6.38E+13,0.023942016,-0.055066638,-0.007182605,3,acc
6.38E+13,0.06464344,-0.1340753,-0.035913024,3,acc
6.38E+13,-0.007182605,-0.088585466,-0.05267244,3,acc
6.38E+13,-0.016759412,-0.06703765,-0.023942016,3,acc
6.38E+13,0.011971008,-0.04070143,-0.05746084,3,acc
6.38E+13,0.05267244,-0.01436521,-0.12928689,3,acc
6.38E+13,0.05746084,-0.10295067,-0.04070143,3,acc
6.38E+13,0.023942016,-0.05746084,-0.04309563,3,acc
6.38E+13,0.07182605,-0.04070143,0.016759412,3,acc
6.38E+13,0.031124622,-0.074220255,-0.038307227,3,acc
6.38E+13,-0.007182605,-0.01436521,0.047884032,3,acc
6.38E+13,0.007182605,0.050278235,0.01436521,3,acc
6.38E+13,0.038307227,0,-0.023942016,3,acc
6.38E+13,0.074220255,-0.06943185,-0.074220255,3,acc
6.38E+13,0.047884032,-0.011971008,-0.047884032,3,acc
6.38E+13,0.009576807,-0.06703765,-0.076614454,3,acc
6.38E+13,0.02873042,-0.10055647,-0.06943185,3,acc
6.38E+13,-0.04309563,-0.079008654,-0.01436521,3,acc
6.38E+13,-0.050278235,-0.11731588,0.055066638,3,acc
6.38E+13,0.023942016,-0.019153614,0.059855044,3,acc
6.38E+13,0.1364695,-0.02873042,0.10534488,3,acc
6.38E+13,0.050278235,-0.11492168,0.016759412,3,acc
6.38E+13,-0.047884032,-0.009576807,-0.019153614,3,acc
6.38E+13,-0.023942016,-0.079008654,-0.08140286,3,acc
6.38E+13,-0.088585466,-0.016759412,0,3,acc
6.38E+13,0.05267244,0.08140286,-0.074220255,3,acc
6.38E+13,0.047884032,0.019153614,-0.02873042,3,acc
6.38E+13,0.059855044,0.004788403,-0.047884032,3,acc
6.38E+13,-0.007182605,-0.06464344,-0.023942016,3,acc
6.38E+13,0.02873042,-0.038307227,-0.011971008,3,acc
6.38E+13,0.06943185,-0.093373865,-0.05746084,3,acc
6.38E+13,0.11492168,-0.05746084,0.016759412,3,acc
6.38E+13,-0.04070143,-0.05267244,0.021547815,3,acc
6.38E+13,0.038307227,-0.009576807,0.05746084,3,acc
6.38E+13,-0.007182605,0.033518825,0.002394202,3,acc
6.38E+13,0.033518825,-0.02873042,-0.021547815,3,acc
6.38E+13,0.016759412,-0.055066638,-0.02633622,3,acc
6.38E+13,0.007182605,-0.035913024,-0.023942016,3,acc
6.38E+13,-0.007182605,-0.02873042,0.050278235,3,acc
6.38E+13,0.031124622,-0.02633622,-0.007182605,3,acc
6.38E+13,0.07182605,-0.045489833,-0.05267244,3,acc
6.38E+13,0.04070143,-0.093373865,-0.035913024,3,acc
6.38E+13,-0.062249243,0.011971008,-0.059855044,3,acc
6.38E+13,-0.031124622,0.007182605,-0.047884032,3,acc
6.38E+13,0.050278235,-0.047884032,0.004788403,3,acc
6.38E+13,0.074220255,-0.047884032,-0.021547815,3,acc
6.38E+13,0.033518825,-0.033518825,0.02633622,3,acc
6.38E+13,0.023942016,-0.07182605,-0.004788403,3,acc
6.38E+13,0.059855044,-0.06464344,0.047884032,3,acc
6.38E+13,0.06464344,-0.045489833,-0.01436521,3,acc
6.38E+13,0.033518825,-0.074220255,-0.023942016,3,acc
6.38E+13,0.031124622,-0.076614454,0.016759412,3,acc
6.38E+13,-0.01436521,-0.06943185,0.004788403,3,acc
6.38E+13,0.047884032,0.016759412,0.019153614,3,acc
6.38E+13,-0.047884032,-0.004788403,-0.08379706,3,acc
6.38E+13,-0.02873042,-0.007182605,-0.011971008,3,acc
6.38E+13,-0.002394202,0,-0.004788403,3,acc
6.38E+13,-0.011971008,0,-0.01436521,3,acc
6.38E+13,0.062249243,-0.055066638,0.023942016,3,acc
6.38E+13,0,-0.06703765,-0.04309563,3,acc
6.38E+13,0.023942016,-0.02873042,0.02633622,3,acc
6.38E+13,0.02873042,-0.07182605,-0.009576807,3,acc
6.38E+13,-0.033518825,-0.047884032,-0.011971008,3,acc
6.38E+13,-0.021547815,-0.076614454,-0.033518825,3,acc
6.38E+13,0.01436521,-0.047884032,0.07182605,3,acc
6.38E+13,0.033518825,-0.004788403,0,3,acc
6.38E+13,0.031124622,0.035913024,-0.031124622,3,acc
6.38E+13,0.12210429,0.004788403,-0.05746084,3,acc
6.38E+13,0.047884032,-0.023942016,0,3,acc
6.38E+13,-0.033518825,-0.033518825,-0.009576807,3,acc
6.38E+13,-0.08140286,-0.016759412,-0.02633622,3,acc
6.38E+13,-0.01436521,-0.033518825,-0.107739076,3,acc
6.38E+13,0.05267244,-0.08619126,-0.011971008,3,acc
6.38E+13,0.06943185,0.062249243,0.019153614,3,acc
6.38E+13,0.11252748,0.06703765,0.009576807,3,acc
6.38E+13,-0.038307227,0.002394202,0.04309563,3,acc
6.38E+13,-0.045489833,-0.031124622,-0.021547815,3,acc
6.38E+13,-0.055066638,-0.06943185,-0.02633622,3,acc
6.38E+13,-0.02633622,-0.031124622,-0.055066638,3,acc
6.38E+13,0.076614454,-0.019153614,-0.019153614,3,acc
6.38E+13,0.05267244,-0.002394202,0.02633622,3,acc
6.38E+13,0.10534488,0.004788403,0.04309563,3,acc
6.38E+13,0.12928689,-0.045489833,0.055066638,3,acc
6.38E+13,0.059855044,-0.08140286,-0.035913024,3,acc
6.38E+13,0.007182605,-0.019153614,-0.093373865,3,acc
6.38E+13,0.023942016,-0.10295067,-0.059855044,3,acc
6.38E+13,-0.009576807,0.01436521,-0.002394202,3,acc
6.38E+13,0.04070143,-0.047884032,0.002394202,3,acc
6.38E+13,0.04070143,0.05267244,-0.059855044,3,acc
6.38E+13,-0.047884032,0.04070143,-0.079008654,3,acc
6.38E+13,-0.021547815,-0.05267244,-0.079008654,3,acc
6.38E+13,-0.035913024,-0.019153614,-0.02633622,3,acc
6.38E+13,-0.055066638,-0.035913024,-0.01436521,3,acc
6.38E+13,0.04309563,-0.08379706,-0.004788403,3,acc
6.38E+13,0.047884032,0,-0.009576807,3,acc
6.38E+13,0.07182605,-0.04309563,-0.009576807,3,acc
6.38E+13,0.04309563,-0.08619126,-0.02873042,3,acc
6.38E+13,0.009576807,0.007182605,0,3,acc
6.38E+13,-0.023942016,-0.038307227,0.035913024,3,acc
6.38E+13,0.01436521,-0.019153614,-0.038307227,3,acc
6.38E+13,-0.023942016,-0.016759412,0.004788403,3,acc
6.38E+13,0.01436521,-0.05746084,-0.04070143,3,acc
6.38E+13,0.06703765,0.06943185,-0.076614454,3,acc
6.38E+13,0.10534488,0.035913024,-0.076614454,3,acc
6.38E+13,0.002394202,0.021547815,-0.06943185,3,acc
6.38E+13,-0.004788403,-0.04070143,-0.019153614,3,acc
6.38E+13,0.016759412,-0.02873042,0.004788403,3,acc
6.38E+13,0,-0.02873042,0.045489833,3,acc
6.38E+13,0.009576807,-0.074220255,0.023942016,3,acc
6.38E+13,0.01436521,-0.055066638,0.06464344,3,acc
6.38E+13,-0.02873042,-0.090979666,0.062249243,3,acc
6.38E+13,0,-0.074220255,-0.023942016,3,acc
6.38E+13,0.02873042,-0.10055647,-0.079008654,3,acc
6.38E+13,0.04070143,-0.12449849,-0.088585466,3,acc
6.38E+13,-0.009576807,-0.1364695,-0.088585466,3,acc
6.38E+13,-0.035913024,-0.110133275,-0.02633622,3,acc
6.38E+13,0.035913024,-0.023942016,0,3,acc
6.38E+13,0,-0.038307227,-0.021547815,3,acc
6.38E+13,-0.038307227,-0.050278235,-0.007182605,3,acc
6.38E+13,0,-0.05267244,-0.019153614,3,acc
6.38E+13,0.059855044,-0.093373865,0.023942016,3,acc
6.38E+13,0.08379706,-0.055066638,-0.004788403,3,acc
6.38E+13,-0.011971008,-0.079008654,-0.05267244,3,acc
6.38E+13,0.004788403,-0.05267244,-0.055066638,3,acc
6.38E+13,-0.009576807,0,-0.04070143,3,acc
6.38E+13,0.02873042,-0.02633622,-0.074220255,3,acc
6.38E+13,-0.004788403,-0.023942016,-0.02633622,3,acc
6.38E+13,0.009576807,-0.038307227,0.050278235,3,acc
6.38E+13,0.055066638,-0.016759412,0.04309563,3,acc
6.38E+13,0.02873042,-0.035913024,-0.01436521,3,acc
6.38E+13,0.011971008,-0.007182605,-0.016759412,3,acc
6.38E+13,0.023942016,-0.004788403,-0.01436521,3,acc
6.38E+13,-0.004788403,-0.007182605,0,3,acc
6.38E+13,-0.05746084,-0.004788403,-0.04070143,3,acc
6.38E+13,-0.047884032,0.009576807,-0.045489833,3,acc
6.38E+13,-0.007182605,-0.045489833,0.02633622,3,acc
6.38E+13,-0.01436521,-0.023942016,-0.004788403,3,acc
6.38E+13,0.038307227,-0.055066638,-0.050278235,3,acc
6.38E+13,0.01436521,-0.050278235,-0.019153614,3,acc
6.38E+13,0.06703765,-0.038307227,-0.009576807,3,acc
6.38E+13,0.055066638,-0.059855044,-0.045489833,3,acc
6.38E+13,0.016759412,-0.047884032,0.002394202,3,acc
6.38E+13,-0.023942016,-0.08619126,-0.023942016,3,acc
6.38E+13,0.031124622,-0.06464344,0.033518825,3,acc
6.38E+13,-0.011971008,-0.050278235,0.002394202,3,acc
6.38E+13,-0.04309563,0.01436521,-0.055066638,3,acc
6.38E+13,0,0.033518825,-0.011971008,3,acc
6.38E+13,0.021547815,-0.050278235,-0.05267244,3,acc
6.38E+13,0.04309563,-0.047884032,-0.05746084,3,acc
6.38E+13,0.038307227,-0.002394202,-0.047884032,3,acc
6.38E+13,-0.007182605,-0.095768064,-0.02873042,3,acc
6.38E+13,-0.04070143,-0.11731588,-0.02873042,3,acc
6.38E+13,-0.047884032,-0.10055647,-0.02633622,3,acc
6.38E+13,0.021547815,-0.05267244,0.01436521,3,acc
6.38E+13,0.07182605,-0.079008654,-0.050278235,3,acc
6.38E+13,0.06943185,-0.06703765,-0.045489833,3,acc
6.38E+13,0.004788403,-0.038307227,0.023942016,3,acc
6.38E+13,-0.05746084,-0.007182605,0.055066638,3,acc
6.38E+13,-0.007182605,-0.016759412,-0.02633622,3,acc
6.38E+13,-0.004788403,0,-0.062249243,3,acc
6.38E+13,-0.02633622,-0.059855044,-0.09816227,3,acc
6.38E+13,0.007182605,-0.038307227,-0.06703765,3,acc
6.38E+13,0.05267244,0,-0.011971008,3,acc
6.38E+13,0.016759412,-0.05267244,-0.02873042,3,acc
6.38E+13,0.011971008,-0.050278235,-0.02633622,3,acc
6.38E+13,-0.045489833,-0.031124622,-0.004788403,3,acc
6.38E+13,0.007182605,-0.02873042,-0.021547815,3,acc
6.38E+13,0.11492168,0.05267244,0.01436521,3,acc
6.38E+13,0.038307227,-0.04070143,0.009576807,3,acc
6.38E+13,0.038307227,-0.095768064,0.021547815,3,acc
6.38E+13,-0.016759412,-0.079008654,-0.05267244,3,acc
6.38E+13,0.031124622,-0.08619126,-0.08379706,3,acc
6.38E+13,0.031124622,-0.038307227,0.016759412,3,acc
6.38E+13,-0.019153614,-0.05746084,0.06703765,3,acc
6.38E+13,0.021547815,-0.016759412,0.004788403,3,acc
6.38E+13,0.076614454,-0.06943185,0.079008654,3,acc
6.38E+13,0.11252748,-0.06943185,-0.019153614,3,acc
6.38E+13,0.062249243,-0.031124622,-0.04309563,3,acc
6.38E+13,-0.023942016,-0.05746084,0.002394202,3,acc
6.38E+13,0.002394202,-0.031124622,-0.011971008,3,acc
6.38E+13,-0.004788403,0.055066638,-0.045489833,3,acc
6.38E+13,0.02633622,0.021547815,-0.023942016,3,acc
6.38E+13,-0.019153614,-0.055066638,-0.06464344,3,acc
6.38E+13,-0.01436521,-0.047884032,-0.076614454,3,acc
6.38E+13,-0.016759412,-0.031124622,0.031124622,3,acc
6.38E+13,0.016759412,0,0,3,acc
6.38E+13,0.074220255,-0.002394202,-0.035913024,3,acc
6.38E+13,0.023942016,-0.07182605,-0.074220255,3,acc
6.38E+13,0.10295067,-0.079008654,0.02633622,3,acc
6.38E+13,-0.038307227,0.009576807,-0.093373865,3,acc
6.38E+13,0.007182605,0.031124622,-0.10055647,3,acc
6.38E+13,0,-0.002394202,-0.021547815,3,acc
6.38E+13,-0.01436521,-0.009576807,0.06943185,3,acc
6.38E+13,-0.01436521,-0.009576807,0.06943185,3,acc
6.38E+13,-0.021547815,0.019153614,0.06943185,3,acc
6.38E+13,-0.021547815,0.095768064,0.06464344,3,acc
6.38E+13,0.033518825,-0.045489833,-0.019153614,3,acc
6.38E+13,0.038307227,-0.06464344,0,3,acc
6.38E+13,0.05746084,-0.035913024,-0.05746084,3,acc
6.38E+13,0,-0.07182605,-0.031124622,3,acc
6.38E+13,-0.009576807,-0.023942016,-0.076614454,3,acc
6.38E+13,-0.02633622,-0.031124622,-0.076614454,3,acc
6.38E+13,0.02873042,-0.08140286,-0.02873042,3,acc
6.38E+13,0.11731588,-0.062249243,0.02633622,3,acc
6.38E+13,0.107739076,-0.07182605,0.009576807,3,acc
6.38E+13,0.019153614,-0.047884032,-0.009576807,3,acc
6.38E+13,0.009576807,-0.05267244,0.02873042,3,acc
6.38E+13,0.07182605,-0.01436521,0.01436521,3,acc
6.38E+13,-0.06703765,-0.02873042,-0.062249243,3,acc
6.38E+13,-0.05267244,0.019153614,0.01436521,3,acc
6.38E+13,0.019153614,0.035913024,0.047884032,3,acc
6.38E+13,0.031124622,0.004788403,0.08619126,3,acc
6.38E+13,-0.019153614,-0.045489833,-0.038307227,3,acc
6.38E+13,0.045489833,-0.05267244,-0.047884032,3,acc
6.38E+13,0.10534488,0.04070143,-0.11731588,3,acc
6.38E+13,0.12449849,-0.12449849,-0.055066638,3,acc
6.38E+13,0.01436521,-0.031124622,0.107739076,3,acc
6.38E+13,-0.047884032,-0.093373865,0.05746084,3,acc
6.38E+13,-0.095768064,-0.10295067,-0.01436521,3,acc
6.38E+13,0.02873042,-0.004788403,-0.007182605,3,acc
6.38E+13,0.033518825,-0.076614454,-0.04070143,3,acc
6.38E+13,0.059855044,-0.05746084,0.016759412,3,acc
6.38E+13,0.038307227,-0.074220255,0.002394202,3,acc
6.38E+13,0.1364695,-0.08379706,0.002394202,3,acc
6.38E+13,0.10295067,-0.045489833,-0.011971008,3,acc
6.38E+13,0.06703765,-0.06703765,0.021547815,3,acc
6.38E+13,-0.045489833,-0.031124622,0.05267244,3,acc
6.38E+13,0.055066638,-0.08140286,0.06464344,3,acc
6.38E+13,0.023942016,-0.04309563,0.110133275,3,acc
6.38E+13,-0.047884032,0.033518825,0.10055647,3,acc
6.38E+13,-0.110133275,0.011971008,-0.038307227,3,acc
6.38E+13,-0.004788403,0.04070143,0.04309563,3,acc
6.38E+13,0.011971008,0.06703765,-0.059855044,3,acc
6.38E+13,0.045489833,-0.035913024,-0.05746084,3,acc
6.38E+13,0.045489833,-0.031124622,-0.21068975,3,acc
6.38E+13,0.090979666,-0.12449849,-0.22505496,3,acc
6.38E+13,0.1388637,-0.11971009,-0.090979666,3,acc
6.38E+13,0.076614454,-0.02633622,0.07182605,3,acc
6.38E+13,0.047884032,-0.007182605,0.1316811,3,acc
6.38E+13,-0.1364695,0.076614454,0.22744916,3,acc
6.38E+13,-0.15801731,-0.10534488,0.06943185,3,acc
6.38E+13,-0.021547815,0.02633622,0.009576807,3,acc
6.38E+13,0.045489833,0.035913024,-0.09816227,3,acc
6.38E+13,0.023942016,0.02633622,-0.1388637,3,acc
6.38E+13,0.062249243,0.016759412,-0.18914193,3,acc
6.38E+13,0.079008654,0.023942016,-0.16280572,3,acc
6.38E+13,-0.019153614,-0.08619126,-0.055066638,3,acc
6.38E+13,0.004788403,-0.011971008,-0.011971008,3,acc
6.38E+13,0.04309563,-0.019153614,0.021547815,3,acc
6.38E+13,0.07182605,-0.059855044,-0.004788403,3,acc
6.38E+13,0.031124622,-0.08619126,0.035913024,3,acc
6.38E+13,0.033518825,-0.12689269,0.02873042,3,acc
6.38E+13,0.023942016,-0.06703765,0.002394202,3,acc
6.38E+13,-0.009576807,-0.047884032,-0.035913024,3,acc
6.38E+13,0.023942016,0,-0.021547815,3,acc
6.38E+13,0.055066638,-0.038307227,0.047884032,3,acc
6.38E+13,0.076614454,0.038307227,-0.011971008,3,acc
6.38E+13,0.009576807,-0.01436521,-0.023942016,3,acc
6.38E+13,0.02633622,-0.045489833,0.033518825,3,acc
6.38E+13,0.011971008,0.055066638,-0.05267244,3,acc
6.38E+13,0.007182605,0.009576807,-0.016759412,3,acc
6.38E+13,0.1364695,0.074220255,0.011971008,3,acc
6.38E+13,0.14604631,0.06943185,-0.02873042,3,acc
6.38E+13,0.07182605,0.01436521,-0.045489833,3,acc
6.38E+13,-0.02873042,0,0.007182605,3,acc
6.38E+13,-0.004788403,-0.009576807,-0.021547815,3,acc
6.38E+13,-0.062249243,-0.023942016,0.01436521,3,acc
6.38E+13,-0.035913024,0,-0.019153614,3,acc
6.38E+13,-0.01436521,0.06943185,-0.033518825,3,acc
6.38E+13,0.045489833,0.002394202,-0.033518825,3,acc
6.38E+13,0.04309563,0,-0.038307227,3,acc
6.38E+13,0.02633622,-0.050278235,0.004788403,3,acc
6.38E+13,0.062249243,-0.038307227,0.009576807,3,acc
6.38E+13,-0.021547815,0.04309563,0,3,acc
6.38E+13,-0.05267244,0.062249243,-0.02873042,3,acc
6.38E+13,-0.093373865,-0.01436521,-0.016759412,3,acc
6.38E+13,-0.08379706,0.045489833,-0.05267244,3,acc
6.38E+13,0.05267244,-0.007182605,-0.06703765,3,acc
6.38E+13,0,-0.021547815,0.021547815,3,acc
6.38E+13,0.009576807,-0.05267244,-0.004788403,3,acc
6.38E+13,0.04309563,-0.088585466,-0.035913024,3,acc
6.38E+13,0.055066638,-0.08140286,-0.055066638,3,acc
6.38E+13,0.10534488,-0.19632454,-0.05746084,3,acc
6.38E+13,0.023942016,-0.11971009,0.016759412,3,acc
6.38E+13,0.002394202,-0.08619126,-0.021547815,3,acc
6.38E+13,0.05267244,-0.045489833,-0.04309563,3,acc
6.38E+13,0.110133275,-0.090979666,-0.009576807,3,acc
6.38E+13,-0.01436521,-0.01436521,0.007182605,3,acc
6.38E+13,-0.04070143,0.004788403,-0.021547815,3,acc
6.38E+13,-0.021547815,-0.05746084,-0.035913024,3,acc
6.38E+13,0.050278235,0.038307227,0.007182605,3,acc
6.38E+13,0.05746084,-0.02873042,0.004788403,3,acc
6.38E+13,0.10534488,-0.047884032,-0.06464344,3,acc
6.38E+13,-0.02633622,-0.02873042,-0.06464344,3,acc
6.38E+13,0,-0.05746084,-0.016759412,3,acc
6.38E+13,-0.05746084,0.033518825,0.033518825,3,acc
6.38E+13,-0.055066638,-0.08379706,0.033518825,3,acc
6.38E+13,0.016759412,-0.12210429,0.06943185,3,acc
6.38E+13,0.002394202,-0.09816227,-0.023942016,3,acc
6.38E+13,0.016759412,-0.02633622,0,3,acc
6.38E+13,0.088585466,-0.095768064,0.038307227,3,acc
6.38E+13,0.02633622,-0.08619126,-0.004788403,3,acc
6.38E+13,-0.011971008,-0.095768064,0.031124622,3,acc
6.38E+13,-0.019153614,-0.05746084,-0.035913024,3,acc
6.38E+13,-0.035913024,-0.12689269,0.009576807,3,acc
6.38E+13,0.009576807,-0.02873042,-0.059855044,3,acc
6.38E+13,-0.019153614,-0.023942016,-0.050278235,3,acc
6.38E+13,0.007182605,0.007182605,0.02633622,3,acc
6.38E+13,-0.02873042,-0.023942016,0.016759412,3,acc
6.38E+13,-0.033518825,-0.074220255,-0.007182605,3,acc
6.38E+13,-0.009576807,-0.088585466,-0.04070143,3,acc
6.38E+13,0.059855044,-0.05746084,-0.06464344,3,acc
6.38E+13,0.07182605,-0.08140286,-0.107739076,3,acc
6.38E+13,0.047884032,-0.035913024,-0.08379706,3,acc
6.38E+13,0.009576807,0.009576807,0.01436521,3,acc
6.38E+13,0.009576807,0.009576807,0.01436521,3,acc
6.38E+13,0.033518825,0.009576807,-0.016759412,3,acc
6.38E+13,0.009576807,-0.076614454,0.05746084,3,acc
6.38E+13,-0.016759412,-0.002394202,-0.050278235,3,acc
6.38E+13,-0.031124622,-0.02873042,0.021547815,3,acc
6.38E+13,0.055066638,-0.08379706,-0.04309563,3,acc
6.38E+13,0.011971008,0.011971008,-0.07182605,3,acc
6.38E+13,0.007182605,-0.088585466,-0.059855044,3,acc
6.38E+13,0.05746084,-0.019153614,-0.02633622,3,acc
6.38E+13,0.047884032,0.08140286,0,3,acc
6.38E+13,0.002394202,0.031124622,-0.021547815,3,acc
6.38E+13,0.06703765,-0.050278235,-0.011971008,3,acc
6.38E+13,0.035913024,0.088585466,-0.023942016,3,acc
6.38E+13,0.12928689,-0.06703765,-0.01436521,3,acc
6.38E+13,0.011971008,-0.031124622,-0.02873042,3,acc
6.38E+13,0.023942016,-0.05746084,-0.02873042,3,acc
6.38E+13,-0.01436521,-0.059855044,-0.08140286,3,acc
6.38E+13,-0.021547815,-0.011971008,-0.08140286,3,acc
6.38E+13,0.021547815,-0.059855044,-0.04070143,3,acc
6.38E+13,0.074220255,-0.059855044,-0.019153614,3,acc
6.38E+13,-0.02873042,-0.023942016,0.011971008,3,acc
6.38E+13,0.035913024,-0.050278235,0.10055647,3,acc
6.38E+13,0.019153614,-0.074220255,0.038307227,3,acc
6.38E+13,-0.035913024,-0.06703765,0.011971008,3,acc
6.38E+13,-0.007182605,-0.021547815,0.007182605,3,acc
6.38E+13,-0.031124622,-0.047884032,-0.08379706,3,acc
6.38E+13,-0.031124622,-0.047884032,-0.08379706,3,acc
6.38E+13,-0.035913024,-0.10295067,0.016759412,3,acc
6.38E+13,0.021547815,-0.06464344,0.009576807,3,acc
6.38E+13,0,-0.021547815,0,3,acc
6.38E+13,-0.033518825,-0.08379706,-0.02633622,3,acc
6.38E+13,-0.033518825,0.019153614,0.035913024,3,acc
6.38E+13,0.08379706,-0.06464344,-0.002394202,3,acc
6.38E+13,-0.021547815,-0.088585466,0,3,acc
6.38E+13,-0.031124622,-0.076614454,-0.035913024,3,acc
6.38E+13,-0.059855044,-0.007182605,-0.05746084,3,acc
6.38E+13,-0.047884032,-0.007182605,-0.009576807,3,acc
6.38E+13,-0.038307227,-0.04070143,0.004788403,3,acc
6.38E+13,0.033518825,0,0.021547815,3,acc
6.38E+13,0.033518825,0.050278235,-0.011971008,3,acc
6.38E+13,0.059855044,-0.02873042,0.002394202,3,acc
6.38E+13,-0.002394202,-0.011971008,0.035913024,3,acc
6.38E+13,0.023942016,-0.08140286,-0.08379706,3,acc
6.38E+13,-0.023942016,-0.01436521,-0.079008654,3,acc
6.38E+13,-0.04070143,-0.12210429,-0.08379706,3,acc
6.38E+13,0.035913024,-0.10055647,-0.011971008,3,acc
6.38E+13,0.079008654,0.004788403,0.004788403,3,acc
6.38E+13,-0.01436521,-0.08140286,-0.016759412,3,acc
6.38E+13,0.02873042,-0.10055647,0.031124622,3,acc
6.38E+13,0.05267244,-0.08379706,-0.007182605,3,acc
6.38E+13,0.10055647,-0.06703765,-0.04309563,3,acc
6.38E+13,0.02633622,-0.02633622,0.016759412,3,acc
6.38E+13,0.076614454,-0.011971008,0.023942016,3,acc
6.38E+13,0.035913024,0.02633622,0.01436521,3,acc
6.38E+13,0.01436521,0.035913024,-0.023942016,3,acc
6.38E+13,-0.021547815,-0.031124622,0,3,acc
6.38E+13,0.05746084,-0.016759412,-0.004788403,3,acc
6.38E+13,0.019153614,0.007182605,-0.055066638,3,acc
6.38E+13,0.01436521,-0.007182605,-0.011971008,3,acc
6.38E+13,0,-0.079008654,-0.059855044,3,acc
6.38E+13,-0.062249243,-0.01436521,-0.09816227,3,acc
6.38E+13,0,-0.07182605,-0.002394202,3,acc
6.38E+13,0.055066638,-0.06464344,0.007182605,3,acc
6.38E+13,-0.02633622,0.01436521,0.035913024,3,acc
6.38E+13,0.011971008,0,0,3,acc
6.38E+13,0.076614454,-0.007182605,0.019153614,3,acc
6.38E+13,0.055066638,-0.023942016,0.009576807,3,acc
6.38E+13,0.059855044,-0.009576807,-0.05267244,3,acc
6.38E+13,-0.04070143,-0.09816227,-0.062249243,3,acc
6.38E+13,-0.090979666,-0.06464344,-0.04309563,3,acc
6.38E+13,-0.062249243,-0.090979666,-0.045489833,3,acc
6.38E+13,0.02873042,-0.02873042,-0.007182605,3,acc
6.38E+13,0.10055647,-0.031124622,0.045489833,3,acc
6.38E+13,0.06703765,-0.04070143,0.076614454,3,acc
6.38E+13,0.090979666,-0.090979666,-0.011971008,3,acc
6.38E+13,-0.038307227,-0.06703765,0.033518825,3,acc
6.38E+13,-0.01436521,-0.06464344,-0.01436521,3,acc
6.38E+13,-0.004788403,0.023942016,-0.002394202,3,acc
6.38E+13,-0.062249243,0.04309563,-0.02633622,3,acc
6.38E+13,-0.038307227,0.045489833,-0.079008654,3,acc
6.38E+13,0,0.02633622,-0.031124622,3,acc
6.38E+13,-0.023942016,0.079008654,0.011971008,3,acc
6.38E+13,-0.01436521,-0.009576807,-0.04070143,3,acc
6.38E+13,-0.5793968,-2.219425,0.06703765,3,acc
6.38E+13,-1.8339585,-1.2808979,0.22984336,3,acc
6.38E+13,-1.2785037,1.1707647,-2.0829554,3,acc
6.38E+13,-2.315193,0.4381389,-0.8331822,3,acc
6.38E+13,-1.2210429,-0.2777274,-0.8858546,3,acc
6.38E+13,-0.22744916,-0.088585466,0.06943185,3,acc
6.38E+13,0.4405331,-0.4429273,0.61530983,3,acc
6.38E+13,0.79248077,-0.01436521,0.7374141,3,acc
6.38E+13,1.1468226,0.22266077,0.49559975,3,acc
6.38E+13,0.5386954,0.6919243,-0.50757074,3,acc
6.38E+13,0.050278235,1.3383588,-0.21308395,3,acc
6.38E+13,-0.15083471,1.8602947,-0.5626374,3,acc
6.38E+13,0.770933,1.5394717,0.045489833,3,acc
6.38E+13,0.92416185,0.5506664,0.2777274,3,acc
6.38E+13,1.1779473,0.16759412,0.30645782,3,acc
6.38E+13,-6.907272,-2.7365725,6.4763155,3,acg
6.38E+13,-6.7708025,-3.0238767,6.5481415,3,acg
6.38E+13,-6.9479733,-2.9616275,6.4787097,3,acg
6.38E+13,-6.897695,-2.9903579,6.445191,3,acg
6.38E+13,-6.849811,-2.8993783,6.739678,3,acg
6.38E+13,-6.8545995,-3.0119057,6.6486983,3,acg
6.38E+13,-6.6846113,-2.8514943,6.5720835,3,acg
6.38E+13,-6.694188,-2.9759927,6.5002575,3,acg
6.38E+13,-6.7588315,-3.0095115,6.5026517,3,acg
6.38E+13,-6.715736,-2.9735985,6.3781533,3,acg
6.38E+13,-6.6870055,-2.9017725,6.4044895,3,acg
6.38E+13,-6.6750345,-2.89459,6.3566055,3,acg
6.38E+13,-6.691794,-2.9113493,6.31351,3,acg
6.38E+13,-6.7324953,-2.9113493,6.351817,3,acg
6.38E+13,-6.691794,-2.9472623,6.469133,3,acg
6.38E+13,-6.742072,-2.8538885,6.4739213,3,acg
6.38E+13,-6.7229185,-2.777274,6.4068837,3,acg
6.38E+13,-6.730101,-2.8658595,6.2991447,3,acg
6.38E+13,-6.646304,-2.942474,6.3087215,3,acg
6.38E+13,-6.8186865,-2.885013,6.4020953,3,acg
6.38E+13,-6.76362,-2.920926,6.3182983,3,acg
6.38E+13,-6.5385647,-2.8754363,6.2847795,3,acg
6.38E+13,-6.600814,-2.9783869,6.172252,3,acg
6.38E+13,-6.6989765,-2.9783869,6.131551,3,acg
6.38E+13,-6.517017,-3.217807,6.0285997,3,acg
6.38E+13,-6.6391215,-3.004723,6.203377,3,acg
6.38E+13,-6.7324953,-3.1411927,6.105214,3,acg
6.38E+13,-6.6893997,-3.1364043,6.253655,3,acg
6.38E+13,-6.519411,-2.9783869,6.2967505,3,acg
6.38E+13,-6.6486983,-3.0095115,6.2704144,3,acg
6.38E+13,-6.5337763,-3.1028855,6.277597,3,acg
6.38E+13,-6.7564373,-3.169923,6.38773,3,acg
6.38E+13,-6.7588315,-3.3135753,6.2392898,3,acg
6.38E+13,-6.6870055,-3.145981,6.1985884,3,acg
6.38E+13,-6.787562,-3.0789435,6.339846,3,acg
6.38E+13,-6.8426285,-3.241749,6.409278,3,acg
6.38E+13,-6.825869,-3.145981,6.4404025,3,acg
6.38E+13,-6.766014,-3.2130187,6.4643445,3,acg
6.38E+13,-6.88333,-3.2848446,6.4068837,3,acg
6.38E+13,-6.811504,-3.25372,6.459556,3,acg
6.38E+13,-6.897695,-3.1962593,6.4140663,3,acg
6.38E+13,-6.8641763,-3.193865,6.3422403,3,acg
6.38E+13,-6.931214,-3.1627405,6.3206925,3,acg
6.38E+13,-6.919243,-3.1723173,6.2608376,3,acg
6.38E+13,-6.9120603,-3.3183637,6.2512608,3,acg
6.38E+13,-6.9120603,-3.3183637,6.2512608,3,acg
6.38E+13,-6.9838862,-3.1603463,6.181829,3,acg
6.38E+13,-6.945579,-3.0214825,6.145916,3,acg
6.38E+13,-7.017405,-3.0214825,6.145916,3,acg
6.38E+13,-7.0365586,-3.0382419,6.1938,3,acg
6.38E+13,-7.0245876,-3.0214825,6.2009826,3,acg
6.38E+13,-6.967127,-3.205836,6.256049,3,acg
6.38E+13,-6.9479733,-3.2489316,6.167464,3,acg
6.38E+13,-6.9958572,-3.3327289,5.9783216,3,acg
6.38E+13,-7.007828,-3.4979286,5.8825536,3,acg
6.38E+13,-7.0964136,-3.4691982,5.9902925,3,acg
6.38E+13,-7.0844426,-3.4093432,6.0477533,3,acg
6.38E+13,-7.0605006,-3.2968156,5.9448028,3,acg
6.38E+13,-7.0844426,-3.4141316,6.0238113,3,acg
6.38E+13,-7.101202,-3.3925838,5.997475,3,acg
6.38E+13,-7.1754227,-3.4141316,6.157887,3,acg
6.38E+13,-7.165846,-3.394978,6.2249246,3,acg
6.38E+13,-7.0341644,-3.3877954,6.2847795,3,acg
6.38E+13,-7.086837,-3.430891,6.327875,3,acg
6.38E+13,-7.0006456,-3.5625722,6.337452,3,acg
6.38E+13,-6.7851677,-3.5865142,6.2249246,3,acg
6.38E+13,-6.7013707,-3.9480386,6.069301,3,acg
6.38E+13,-6.9240313,-4.3023806,6.078878,3,acg
6.38E+13,-6.993463,-4.1946416,6.033388,3,acg
6.38E+13,-6.9144545,-3.8738184,6.0525417,3,acg
6.38E+13,-6.739678,-3.5936968,6.1219735,3,acg
6.38E+13,-6.8186865,-3.5075054,6.2967505,3,acg
6.38E+13,-6.8569937,-3.53863,6.327875,3,acg
6.38E+13,-6.811504,-3.7062242,6.3470287,3,acg
6.38E+13,-6.8545995,-3.5745432,6.339846,3,acg
6.38E+13,-6.861782,-3.572149,6.409278,3,acg
6.38E+13,-6.9479733,-3.632004,6.279991,3,acg
6.38E+13,-6.8929067,-3.7732618,6.2249246,3,acg
6.38E+13,-6.9168487,-3.8067808,6.3206925,3,acg
6.38E+13,-6.8330517,-3.7062242,5.985504,3,acg
6.38E+13,-6.7205243,-3.6415808,5.805939,3,acg
6.38E+13,-6.5840545,-3.53863,5.861006,3,acg
6.38E+13,-6.5840545,-3.4859576,5.8586116,3,acg
6.38E+13,-6.6510925,-3.4835634,5.8921304,3,acg
6.38E+13,-6.6654577,-3.5769374,5.9519854,3,acg
6.38E+13,-6.6606693,-3.5865142,6.0046577,3,acg
6.38E+13,-6.612785,-3.5889084,6.030994,3,acg
6.38E+13,-6.579266,-3.6224272,6.021417,3,acg
6.38E+13,-6.4787097,-3.5098996,5.853823,3,acg
6.38E+13,-6.4140663,-3.5290532,5.887342,3,acg
6.38E+13,-6.3949127,-3.6535518,5.803545,3,acg
6.38E+13,-6.5696893,-3.739743,5.777209,3,acg
6.38E+13,-6.5457473,-3.7181952,5.8346696,3,acg
6.38E+13,-6.6247563,-3.6774938,5.896919,3,acg
6.38E+13,-6.691794,-3.7588966,5.9807158,3,acg
6.38E+13,-6.754043,-3.7469256,5.9998693,3,acg
6.38E+13,-6.727707,-3.5697548,6.114791,3,acg
6.38E+13,-6.6486983,-3.4572272,6.184223,3,acg
6.38E+13,-6.751649,-3.4572272,6.2225304,3,acg
6.38E+13,-6.754043,-3.4859576,6.205771,3,acg
6.38E+13,-6.7803793,-3.490746,6.2368956,3,acg
6.38E+13,-6.7827735,-3.4644098,6.215348,3,acg
6.38E+13,-6.823475,-3.3542767,6.31351,3,acg
6.38E+13,-6.8043213,-3.3063924,6.291962,3,acg
6.38E+13,-6.7851677,-3.3614593,6.2249246,3,acg
6.38E+13,-6.7947445,-3.4644098,6.160281,3,acg
6.38E+13,-6.799533,-3.4739866,6.114791,3,acg
6.38E+13,-6.7708025,-3.572149,6.033388,3,acg
6.38E+13,-6.835446,-3.5458126,6.0118403,3,acg
6.38E+13,-6.8330517,-3.4811692,5.8945246,3,acg
6.38E+13,-6.7444663,-3.550601,5.9519854,3,acg
6.38E+13,-6.8043213,-3.5817258,5.827487,3,acg
6.38E+13,-6.7684083,-3.6607344,5.7245364,3,acg
6.38E+13,-6.7708025,-3.6152446,5.7029886,3,acg
6.38E+13,-6.7971387,-3.5577838,5.729325,3,acg
6.38E+13,-6.8641763,-3.5170822,5.801151,3,acg
6.38E+13,-6.847417,-3.4165258,5.7748146,3,acg
6.38E+13,-6.907272,-3.4237084,5.851429,3,acg
6.38E+13,-6.9767036,-3.4284968,5.877765,3,acg
6.38E+13,-7.050924,-3.394978,5.920861,3,acg
6.38E+13,-7.1227503,-3.454833,5.93762,3,acg
6.38E+13,-7.098808,-3.53863,5.9041014,3,acg
6.38E+13,-7.089231,-3.4644098,5.973533,3,acg
6.38E+13,-7.132327,-3.4715924,5.935226,3,acg
6.38E+13,-7.03177,-3.3997664,5.98311,3,acg
6.38E+13,-7.0461354,-3.4476504,6.021417,3,acg
6.38E+13,-6.9599442,-3.4476504,5.9280434,3,acg
6.38E+13,-6.979098,-3.3734303,5.9567738,3,acg
6.38E+13,-6.9264255,-3.3734303,6.009446,3,acg
6.38E+13,-6.8426285,-3.3662477,6.0046577,3,acg
6.38E+13,-6.921637,-3.4859576,5.9519854,3,acg
6.38E+13,-6.897695,-3.5075054,5.8681884,3,acg
6.38E+13,-6.9479733,-3.5338416,5.8107276,3,acg
6.38E+13,-6.967127,-3.550601,5.7269306,3,acg
6.38E+13,-6.9958572,-3.6463692,5.710171,3,acg
6.38E+13,-6.9743094,-3.620033,5.7005944,3,acg
6.38E+13,-7.0006456,-3.53863,5.707777,3,acg
6.38E+13,-6.9743094,-3.514688,5.6982,3,acg
6.38E+13,-6.991069,-3.53863,5.693412,3,acg
6.38E+13,-6.9719152,-3.4596214,5.650316,3,acg
6.38E+13,-7.00304,-3.6176388,5.6239796,3,acg
6.38E+13,-7.089231,-3.5817258,5.6407394,3,acg
6.38E+13,-7.065289,-3.6296098,5.6407394,3,acg
6.38E+13,-7.007828,-3.6056678,5.5976434,3,acg
6.38E+13,-7.015011,-3.6750996,5.5018754,3,acg
6.38E+13,-6.9886746,-3.7086184,5.3678,3,acg
6.38E+13,-6.9168487,-3.4931402,5.3821654,3,acg
6.38E+13,-6.921637,-3.4452562,5.415684,3,acg
6.38E+13,-6.9623384,-3.4093432,5.3678,3,acg
6.38E+13,-6.9264255,-3.4476504,5.2959743,3,acg
6.38E+13,-6.969521,-3.514688,5.389348,3,acg
6.38E+13,-7.005434,-3.667917,5.3342814,3,acg
6.38E+13,-6.9886746,-3.6894648,5.3725886,3,acg
6.38E+13,-7.0006456,-3.620033,5.094861,3,acg
6.38E+13,-6.9144545,-3.5075054,5.121197,3,acg
6.38E+13,-6.83784,-3.5003228,5.0421886,3,acg
6.38E+13,-6.8905125,-3.4284968,4.900931,3,acg
6.38E+13,-6.835446,-3.4404678,4.8578353,3,acg
6.38E+13,-6.967127,-3.4620156,4.7764325,3,acg
6.38E+13,-6.9719152,-3.6104562,4.8386817,3,acg
6.38E+13,-7.2568254,-3.7924154,4.7548847,3,acg
6.38E+13,-7.0221934,-3.7565024,4.8027687,3,acg
6.38E+13,-7.103596,-3.6583402,4.7620673,3,acg
6.38E+13,-6.9240313,-3.442862,4.5753193,3,acg
6.38E+13,-6.6079965,-3.265691,4.4316673,3,acg
6.38E+13,-6.5361705,-3.3494883,4.3047748,3,acg
6.38E+13,-6.519411,-3.4476504,4.2066126,3,acg
6.38E+13,-6.4140663,-3.5553896,4.27365,3,acg
6.38E+13,-6.301539,-3.514688,4.4364557,3,acg
6.38E+13,-6.2704144,-3.3997664,4.3981485,3,acg
6.38E+13,-6.0884547,-3.145981,4.355053,3,acg
6.38E+13,-5.78918,-2.9783869,4.3766007,3,acg
6.38E+13,-5.60722,-2.9735985,4.3358994,3,acg
6.38E+13,-5.3941364,-2.846706,4.3526587,3,acg
6.38E+13,-5.317522,-2.6982653,4.3167458,3,acg
6.38E+13,-5.2049947,-2.516306,4.3358994,3,acg
6.38E+13,-4.9655743,-2.3295584,4.3287168,3,acg
6.38E+13,-4.831499,-2.2026656,4.3382936,3,acg
6.38E+13,-4.8506527,-2.183512,4.510676,3,acg
6.38E+13,-4.9559975,-2.0949266,4.663905,3,acg
6.38E+13,-5.195418,-1.8124107,5.197812,3,acg
6.38E+13,-5.046977,-1.5801731,5.130774,3,acg
6.38E+13,-4.039018,-2.4875755,4.9440265,3,acg
6.38E+13,-3.4691982,-2.906561,4.721366,3,acg
6.38E+13,-3.2848446,-2.44448,4.4460325,3,acg
6.38E+13,-3.1962593,-2.0159178,4.10845,3,acg
6.38E+13,-3.0550013,-1.9297266,4.010288,3,acg
6.38E+13,-3.1196449,-2.1284454,4.3406878,3,acg
6.38E+13,-3.3279405,-2.2481554,4.7381253,3,acg
6.38E+13,-3.6894648,-2.693477,4.9583917,3,acg
6.38E+13,-3.9743748,-3.1196449,5.08289,3,acg
6.38E+13,-4.06296,-3.1028855,4.855441,3,acg
6.38E+13,-4.1276035,-2.8754363,4.9057193,3,acg
6.38E+13,-4.0414124,-2.542642,5.255273,3,acg
6.38E+13,-4.6806645,-2.27928,5.7484784,3,acg
6.38E+13,-5.645528,-2.4827871,6.3805475,3,acg
6.38E+13,-6.849811,-3.3423057,6.622362,3,acg
6.38E+13,-7.8410106,-4.5418005,6.172252,3,acg
6.38E+13,-8.540117,-5.2744265,5.758055,3,acg
6.38E+13,-9.0237465,-5.2241483,6.1411276,3,acg
6.38E+13,-9.172187,-4.72376,6.9958572,3,acg
6.38E+13,-8.779537,-4.390966,7.2544312,3,acg
6.38E+13,-8.74123,-4.201824,7.21373,3,acg
6.38E+13,-8.983045,-4.247314,7.0964136,3,acg
6.38E+13,-9.129091,-4.903325,6.7731967,3,acg
6.38E+13,-9.52174,-5.722142,6.6534867,3,acg
6.38E+13,-9.974244,-5.8322754,6.2728086,3,acg
6.38E+13,-9.397242,-5.207389,6.2632318,3,acg
6.38E+13,-8.772355,-4.237737,5.9041014,3,acg
6.38E+13,-7.989451,-3.311181,5.5856724,3,acg
6.38E+13,-7.501034,-2.1811178,4.841076,3,acg
6.38E+13,-6.567295,-1.412579,4.1060557,3,acg
6.38E+13,-6.10282,-1.8028339,4.120421,3,acg
6.38E+13,-6.1866174,-2.873042,3.6727054,3,acg
6.38E+13,-6.588843,-4.4005427,3.1052797,3,acg
6.38E+13,-6.8689647,-5.571307,2.8443117,3,acg
6.38E+13,-6.8929067,-6.1219735,2.7581203,3,acg
6.38E+13,-6.8067155,-6.093243,2.8203697,3,acg
6.38E+13,-6.495469,-5.3247046,3.1771057,3,acg
6.38E+13,-6.078878,-4.307169,3.9600096,3,acg
6.38E+13,-5.6000376,-3.0813377,4.6279917,3,acg
6.38E+13,-4.9320555,-2.3008277,5.080496,3,acg
6.38E+13,-4.307169,-1.9608512,5.3366756,3,acg
6.38E+13,-4.2640734,-2.8993783,6.8809357,3,acg
6.38E+13,-4.711789,-3.5577838,8.286332,3,acg
6.38E+13,-5.3486466,-3.2968156,9.849746,3,acg
6.38E+13,-5.00867,-3.2010477,10.5919485,3,acg
6.38E+13,-4.4723687,-3.632004,11.27669,3,acg
6.38E+13,-4.4843397,-3.9935284,11.245565,3,acg
6.38E+13,-4.4005427,-3.9312792,10.630256,3,acg
6.38E+13,-4.644751,-3.679888,10.4171715,3,acg
6.38E+13,-4.642357,-2.885013,10.8864355,3,acg
6.38E+13,-3.9576154,-1.7549498,11.128249,3,acg
6.38E+13,-1.9967642,-1.2162545,11.295844,3,acg
6.38E+13,2.078167,-1.4676456,10.244789,3,acg
6.38E+13,3.7445314,-5.645528,11.473015,3,acg
6.38E+13,2.0757728,-8.018182,15.86398,3,acg
6.38E+13,1.5801731,-8.034941,18.938135,3,acg
6.38E+13,2.0685902,-7.9750857,19.33318,3,acg
6.38E+13,3.311181,-6.9719152,15.248671,3,acg
6.38E+13,4.5082817,-5.793968,10.5704,3,acg
6.38E+13,5.1762643,-5.7508726,8.202535,3,acg
6.38E+13,-0.5386954,-0.5386954,1.6304513,3,acg
6.38E+13,6.0405707,-5.446809,-0.9911995,3,acg
6.38E+13,9.595961,-7.81228,-2.111686,3,acg
6.38E+13,10.778696,-10.503363,-3.6607344,3,acg
6.38E+13,8.463503,-8.655039,0.17956513,3,acg
6.38E+13,6.6486983,-2.861071,3.6224272,3,acg
6.38E+13,3.7828386,0.17238252,5.853823,3,acg
6.38E+13,1.8291701,1.5825673,6.7947445,3,acg
6.38E+13,1.2018893,4.036624,5.257667,3,acg
6.38E+13,-0.5746084,8.173804,2.087744,3,acg
6.38E+13,8.389283,2.7389667,3.0454245,3,acg
6.38E+13,28.998571,6.4380083,9.050082,3,acg
6.38E+13,63.77914,19.680338,30.44467,3,acg
6.38E+13,78.31434,-1.3383588,12.717999,3,acg
6.38E+13,-44.12274,-11.5616,37.720646,3,acg
6.38E+13,57.178326,-61.31311,15.531186,3,acg
6.38E+13,-3.0813377,-5.913678,14.4849205,3,acg
6.38E+13,25.012226,-21.605276,0.7110779,3,acg
6.38E+13,-12.440272,-15.428236,11.27669,3,acg
6.38E+13,-8.918402,-22.584505,7.086837,3,acg
6.38E+13,-18.083405,-9.437943,-0.7781156,3,acg
6.38E+13,-11.44189,-7.1059904,-11.386824,3,acg
6.38E+13,-4.3885717,-2.6264393,-15.140931,3,acg
6.38E+13,6.933608,-5.446809,-16.383522,3,acg
6.38E+13,21.435287,-3.7924154,-14.111424,3,acg
6.38E+13,19.797653,-3.9312792,-4.972757,3,acg
6.38E+13,5.959168,-9.770737,-0.38307226,3,acg
6.38E+13,-5.482722,-13.747506,2.2146366,3,acg
6.38E+13,-2.3295584,-13.706804,3.86903,3,acg
6.38E+13,-38.92493,-37.126884,-5.281609,3,acg
6.38E+13,26.812664,-6.933608,-15.765819,3,acg
6.38E+13,25.59641,-5.2624555,-5.6790466,3,acg
6.38E+13,13.491326,-7.654263,-1.4460979,3,acg
6.38E+13,8.032547,-11.9135475,3.4380736,3,acg
6.38E+13,2.5091233,-2.5713725,6.505046,3,acg
6.38E+13,5.693412,-2.554613,4.173094,3,acg
6.38E+13,5.693412,-2.554613,4.173094,3,acg
6.38E+13,9.739613,8.425196,7.843405,3,acg
6.38E+13,7.252037,8.425196,8.267179,3,acg
6.38E+13,2.3582888,13.093889,5.070919,3,acg
6.38E+13,-4.675876,7.7093296,4.378995,3,acg
6.38E+13,-0.17717093,5.3366756,2.8395233,3,acg
6.38E+13,8.441956,9.988609,1.7836803,3,acg
6.38E+13,6.4308257,4.4819455,5.556942,3,acg
6.38E+13,1.1827357,-4.721366,4.4484267,3,acg
6.38E+13,0.1388637,-8.688558,3.5170822,3,acg
6.38E+13,4.3766007,-9.813833,0.8762778,3,acg
6.38E+13,8.935161,-11.365275,-3.3782187,3,acg
6.38E+13,7.053318,-8.848969,-6.4164605,3,acg
6.38E+13,3.8905778,-1.769315,-5.8562174,3,acg
6.38E+13,5.494693,-3.2489316,-7.6949644,3,acg
6.38E+13,5.8562174,-5.4444146,-7.309498,3,acg
6.38E+13,5.961562,-7.1395097,-5.631162,3,acg
6.38E+13,7.029376,-8.688558,-3.9600096,3,acg
6.38E+13,7.3525934,-9.868899,-1.7501614,3,acg
6.38E+13,6.6774287,-10.819398,-1.163582,3,acg
6.38E+13,6.114791,-11.6669445,-0.9672575,3,acg
6.38E+13,8.0924015,-12.2798605,-1.8962077,3,acg
6.38E+13,6.3302693,-12.959814,-1.3072342,3,acg
6.38E+13,4.594473,-17.310078,2.27928,3,acg
6.38E+13,4.0198646,-18.990808,2.885013,3,acg
6.38E+13,3.53863,-16.144102,3.7325604,3,acg
6.38E+13,4.8482585,-14.812926,2.9161377,3,acg
6.38E+13,5.0062757,-13.311762,1.5849615,3,acg
6.38E+13,4.9200845,-11.621455,0.59855044,3,acg
6.38E+13,5.3486466,-9.950302,-0.4237737,3,acg
6.38E+13,5.2840033,-8.377312,-1.2162545,3,acg
6.38E+13,5.2744265,-7.405266,-1.7980455,3,acg
6.38E+13,4.0078936,-5.920861,-2.2840683,3,acg
6.38E+13,2.954445,-5.90889,-2.846706,3,acg
6.38E+13,2.8634653,-7.2544312,-2.8993783,3,acg
6.38E+13,2.6479871,-8.872911,-1.9129672,3,acg
6.38E+13,3.2010477,-10.151415,-1.30484,3,acg
6.38E+13,3.9264908,-10.824186,-0.79008657,3,acg
6.38E+13,3.7828386,-10.400413,-0.6512229,3,acg
6.38E+13,3.7900212,-9.921572,-1.1204864,3,acg
6.38E+13,4.2185836,-9.308656,-1.484405,3,acg
6.38E+13,4.1180267,-8.446744,-1.9512744,3,acg
6.38E+13,3.9552212,-8.645462,-2.2768857,3,acg
6.38E+13,3.9911342,-9.294291,-2.2170308,3,acg
6.38E+13,4.158728,-9.445126,-2.0374656,3,acg
6.38E+13,4.110844,-9.382876,-1.3814543,3,acg
6.38E+13,3.727772,-9.907207,-0.8523358,3,acg
6.38E+13,3.9600096,-10.223241,-0.24181437,3,acg
6.38E+13,4.1946416,-9.672575,0.05267244,3,acg
6.38E+13,4.3239284,-9.136273,0.004788403,3,acg
6.38E+13,4.048595,-9.186552,-0.17477672,3,acg
6.38E+13,3.6655228,-9.169792,-0.23223756,3,acg
6.38E+13,3.3327289,-8.892065,-0.21547815,3,acg
6.38E+13,3.4141316,-8.851364,-0.20829555,3,acg
6.38E+13,3.442862,-8.832211,-0.41180268,3,acg
6.38E+13,3.3782187,-8.614338,-0.3184288,3,acg
6.38E+13,3.5817258,-8.789114,-0.06464344,3,acg
6.38E+13,3.9624038,-8.920795,0.095768064,3,acg
6.38E+13,5.0062757,-9.078813,0.06703765,3,acg
6.38E+13,5.542577,-8.844181,-0.25378537,3,acg
6.38E+13,5.4180784,-8.528147,-0.770933,3,acg
6.38E+13,5.106832,-8.604761,-0.93134445,3,acg
6.38E+13,4.5178585,-8.750807,-0.7493851,3,acg
6.38E+13,4.0892963,-9.006987,-0.3854665,3,acg
6.38E+13,4.010288,-9.270349,0.1412579,3,acg
6.38E+13,4.0653543,-9.315839,0.32800564,3,acg
6.38E+13,4.197036,-9.14585,0.37588966,3,acg
6.38E+13,4.249708,-8.623915,0.15801731,3,acg
6.38E+13,4.486734,-8.202535,-0.2681506,3,acg
6.38E+13,4.4556093,-7.9822683,-0.4165911,3,acg
6.38E+13,4.074931,-8.09719,-0.2873042,3,acg
6.38E+13,3.8019924,-8.377312,-0.079008654,3,acg
6.38E+13,3.7110126,-8.659827,0.15083471,3,acg
6.38E+13,3.9480386,-8.652645,0.12928689,3,acg
6.38E+13,4.06296,-8.700529,0.1436521,3,acg
6.38E+13,4.1156325,-8.623915,0.21308395,3,acg
6.38E+13,4.0198646,-8.836999,0.10295067,3,acg
6.38E+13,3.904943,-9.021352,0.11731588,3,acg
6.38E+13,3.7828386,-9.100361,0.11252748,3,acg
6.38E+13,3.739743,-9.296685,0.038307227,3,acg
6.38E+13,3.892972,-9.215282,0.02633622,3,acg
6.38E+13,4.0414124,-9.083601,0.045489833,3,acg
6.38E+13,4.06296,-8.90643,-0.031124622,3,acg
6.38E+13,4.0174704,-8.853758,-0.095768064,3,acg
6.38E+13,3.9743748,-9.148245,0.04070143,3,acg
6.38E+13,3.9193082,-9.507375,0.20829555,3,acg
6.38E+13,3.8618474,-9.600749,0.2896984,3,acg
6.38E+13,3.8642416,-9.454702,0.10055647,3,acg
6.38E+13,3.952827,-9.294291,-0.12210429,3,acg
6.38E+13,3.9073372,-9.13388,-0.24181437,3,acg
6.38E+13,3.8618474,-9.150639,-0.21068975,3,acg
6.38E+13,3.8666358,-9.169792,-0.15562311,3,acg
6.38E+13,3.8498764,-9.083601,-0.12449849,3,acg
6.38E+13,3.7421372,-8.978256,-0.19393034,3,acg
6.38E+13,3.6870706,-8.9998045,-0.16759412,3,acg
6.38E+13,3.6774938,-9.035717,-0.18914193,3,acg
6.38E+13,3.7469256,-9.112331,-0.19632454,3,acg
6.38E+13,3.7780502,-9.198523,-0.21068975,3,acg
6.38E+13,3.8546648,-9.107543,-0.2705448,3,acg
6.38E+13,3.7972038,-8.944737,-0.2896984,3,acg
6.38E+13,3.8881836,-8.966286,-0.19632454,3,acg
6.38E+13,3.928885,-9.160215,-0.11252748,3,acg
6.38E+13,3.9504328,-9.172187,0.093373865,3,acg
6.38E+13,3.9240966,-9.011775,-0.050278235,3,acg
6.38E+13,3.9360676,-9.004593,-0.2633622,3,acg
6.38E+13,3.751714,-8.932767,-0.25378537,3,acg
6.38E+13,3.7325604,-8.930372,-0.31364042,3,acg
6.38E+13,3.8666358,-8.935161,-0.25378537,3,acg
6.38E+13,3.9839516,-8.973468,-0.20111294,3,acg
6.38E+13,3.9312792,-9.057265,-0.19153613,3,acg
6.38E+13,3.8187518,-9.119514,-0.17477672,3,acg
6.38E+13,3.7541082,-9.155427,-0.14604631,3,acg
6.38E+13,3.7134068,-9.16261,-0.15322891,3,acg
6.38E+13,3.679888,-9.186552,-0.11971009,3,acg
6.38E+13,3.7349546,-9.107543,-0.21308395,3,acg
6.38E+13,3.8355112,-9.009381,-0.25139117,3,acg
6.38E+13,3.7205894,-9.050082,-0.28491,3,acg
6.38E+13,3.6224272,-9.107543,-0.37349546,3,acg
6.38E+13,3.8881836,-8.983045,-0.51475334,3,acg
6.38E+13,3.6296098,-9.277532,-0.25857377,3,acg
6.38E+13,3.4500446,-9.260772,-0.16280572,3,acg
6.38E+13,3.7660792,-9.186552,-0.23702596,3,acg
6.38E+13,3.892972,-9.121908,-0.3878607,3,acg
6.38E+13,3.7972038,-9.088389,-0.4381389,3,acg
6.38E+13,3.7205894,-9.248801,-0.34955344,3,acg
6.38E+13,3.6224272,-9.232041,-0.2753332,3,acg
6.38E+13,3.70383,-9.160215,-0.25139117,3,acg
6.38E+13,3.7445314,-9.193734,-0.2825158,3,acg
6.38E+13,3.7780502,-9.0716305,-0.2873042,3,acg
6.38E+13,3.751714,-9.205706,-0.31124622,3,acg
6.38E+13,3.667917,-9.169792,-0.34237084,3,acg
6.38E+13,3.5673606,-9.174581,-0.31124622,3,acg
6.38E+13,3.7229836,-9.184157,-0.33997664,3,acg
6.38E+13,3.6870706,-9.121908,-0.32561144,3,acg
6.38E+13,3.6870706,-9.093178,-0.320823,3,acg
6.38E+13,3.7541082,-9.059659,-0.29927522,3,acg
6.38E+13,3.7181952,-9.121908,-0.18435353,3,acg
6.38E+13,3.6296098,-9.107543,-0.22744916,3,acg
6.38E+13,3.5553896,-9.018958,-0.30406362,3,acg
6.38E+13,3.5984852,-9.078813,-0.2801216,3,acg
6.38E+13,3.6343982,-9.02614,-0.3184288,3,acg
6.38E+13,3.691859,-9.02614,-0.39025488,3,acg
6.38E+13,3.6846764,-9.074024,-0.37588966,3,acg
6.38E+13,3.6535518,-9.095572,-0.37828386,3,acg
6.38E+13,3.6463692,-9.083601,-0.24899697,3,acg
6.38E+13,3.6583402,-9.112331,-0.24181437,3,acg
6.38E+13,3.6774938,-9.076419,-0.20111294,3,acg
6.38E+13,3.7493198,-9.143456,-0.21547815,3,acg
6.38E+13,3.5793316,-9.200917,-0.18914193,3,acg
6.38E+13,3.632004,-9.246407,-0.24181437,3,acg
6.38E+13,3.5793316,-9.179369,-0.2681506,3,acg
6.38E+13,3.6248214,-9.188946,-0.33518824,3,acg
6.38E+13,3.6224272,-9.210494,-0.4261679,3,acg
6.38E+13,3.6727054,-9.124303,-0.3854665,3,acg
6.38E+13,3.655946,-9.227253,-0.37828386,3,acg
6.38E+13,3.6367924,-9.124303,-0.23942018,3,acg
6.38E+13,3.5577838,-9.109938,-0.23223756,3,acg
6.38E+13,3.6128504,-9.038112,-0.2873042,3,acg
6.38E+13,3.6296098,-9.114726,-0.3878607,3,acg
6.38E+13,3.608062,-9.136273,-0.4333505,3,acg
6.38E+13,3.5745432,-9.095572,-0.4189853,3,acg
6.38E+13,3.5865142,-9.220071,-0.4237737,3,acg
6.38E+13,3.7565024,-9.215282,-0.35913026,3,acg
6.38E+13,3.655946,-9.224859,-0.2825158,3,acg
6.38E+13,3.5290532,-9.176975,-0.2825158,3,acg
6.38E+13,3.4835634,-9.13388,-0.2825158,3,acg
6.38E+13,3.6128504,-9.169792,-0.2705448,3,acg
6.38E+13,3.679888,-9.188946,-0.2681506,3,acg
6.38E+13,3.6152446,-9.181764,-0.35913026,3,acg
6.38E+13,3.6463692,-9.241618,-0.39504328,3,acg
6.38E+13,3.6511576,-9.212888,-0.37828386,3,acg
6.38E+13,3.6727054,-9.200917,-0.40462008,3,acg
6.38E+13,3.6655228,-9.200917,-0.29688102,3,acg
6.38E+13,3.7014358,-9.126697,-0.30166942,3,acg
6.38E+13,3.6846764,-9.165004,-0.24420857,3,acg
6.38E+13,3.6703112,-9.186552,-0.25857377,3,acg
6.38E+13,3.6966474,-9.083601,-0.25857377,3,acg
6.38E+13,3.572149,-9.097966,-0.29209262,3,acg
6.38E+13,3.5769374,-9.121908,-0.33039984,3,acg
6.38E+13,3.6008794,-9.141062,-0.25617957,3,acg
6.38E+13,3.6343982,-8.995016,-0.33518824,3,acg
6.38E+13,3.6056678,-9.16261,-0.32321724,3,acg
6.38E+13,3.6583402,-9.176975,-0.32561144,3,acg
6.38E+13,3.7349546,-9.179369,-0.2873042,3,acg
6.38E+13,3.6870706,-9.19134,-0.260968,3,acg
6.38E+13,3.6224272,-9.165004,-0.23702596,3,acg
6.38E+13,3.5745432,-9.095572,-0.2801216,3,acg
6.38E+13,3.5122938,-9.119514,-0.23702596,3,acg
6.38E+13,3.620033,-9.035717,-0.25378537,3,acg
6.38E+13,3.6463692,-9.074024,-0.2657564,3,acg
6.38E+13,3.7014358,-9.129091,-0.2657564,3,acg
6.38E+13,3.560178,-9.064447,-0.2825158,3,acg
6.38E+13,3.5889084,-9.124303,-0.25857377,3,acg
6.38E+13,3.667917,-9.119514,-0.31603462,3,acg
6.38E+13,3.53863,-9.220071,-0.29448682,3,acg
6.38E+13,3.572149,-9.224859,-0.24181437,3,acg
6.38E+13,3.7445314,-9.141062,-0.2777274,3,acg
6.38E+13,3.7205894,-9.176975,-0.28491,3,acg
6.38E+13,3.655946,-9.167398,-0.37588966,3,acg
6.38E+13,3.6248214,-9.251195,-0.33518824,3,acg
6.38E+13,3.6152446,-9.181764,-0.30885202,3,acg
6.38E+13,3.6822822,-9.198523,-0.24181437,3,acg
6.38E+13,3.655946,-9.083601,-0.35434186,3,acg
6.38E+13,3.739743,-9.131485,-0.272939,3,acg
6.38E+13,3.7588966,-9.167398,-0.25857377,3,acg
6.38E+13,3.6535518,-9.114726,-0.2753332,3,acg
6.38E+13,3.5769374,-9.246407,-0.2753332,3,acg
6.38E+13,3.5936968,-9.203311,-0.2681506,3,acg
6.38E+13,3.7612908,-9.124303,-0.2777274,3,acg
6.38E+13,3.7780502,-9.054871,-0.2873042,3,acg
6.38E+13,3.6966474,-9.090784,-0.30406362,3,acg
6.38E+13,3.739743,-9.124303,-0.24420857,3,acg
6.38E+13,3.7253778,-9.107543,-0.20350714,3,acg
6.38E+13,3.6056678,-9.064447,-0.22266077,3,acg
6.38E+13,3.6272156,-9.148245,-0.2753332,3,acg
6.38E+13,3.6296098,-9.097966,-0.2873042,3,acg
6.38E+13,3.667917,-9.136273,-0.2896984,3,acg
6.38E+13,3.667917,-9.045294,-0.29688102,3,acg
6.38E+13,3.6607344,-9.059659,-0.2801216,3,acg
6.38E+13,3.7541082,-9.054871,-0.22266077,3,acg
6.38E+13,3.7181952,-9.121908,-0.2825158,3,acg
6.38E+13,3.679888,-9.14585,-0.19632454,3,acg
6.38E+13,3.751714,-9.179369,-0.19632454,3,acg
6.38E+13,3.6391866,-9.205706,-0.25857377,3,acg
6.38E+13,3.7301662,-9.066842,-0.2896984,3,acg
6.38E+13,3.7445314,-9.160215,-0.2681506,3,acg
6.38E+13,3.6511576,-9.009381,-0.31124622,3,acg
6.38E+13,3.620033,-9.045294,-0.23702596,3,acg
6.38E+13,3.5865142,-9.050082,-0.2777274,3,acg
6.38E+13,3.6822822,-9.13388,-0.31603462,3,acg
6.38E+13,3.727772,-9.035717,-0.31124622,3,acg
6.38E+13,3.799598,-9.006987,-0.24660277,3,acg
6.38E+13,3.7948096,-9.062054,-0.25139117,3,acg
6.38E+13,3.7205894,-9.0429,-0.33518824,3,acg
6.38E+13,3.6727054,-9.14585,-0.32800564,3,acg
6.38E+13,3.6128504,-9.148245,-0.29927522,3,acg
6.38E+13,3.6176388,-9.131485,-0.32800564,3,acg
6.38E+13,3.6248214,-9.150639,-0.2633622,3,acg
6.38E+13,3.596091,-9.131485,-0.2777274,3,acg
6.38E+13,3.7086184,-9.188946,-0.23702596,3,acg
6.38E+13,3.6990416,-9.205706,-0.2825158,3,acg
6.38E+13,3.5745432,-9.196129,-0.21068975,3,acg
6.38E+13,3.6463692,-9.212888,-0.2681506,3,acg
6.38E+13,3.6415808,-9.160215,-0.33758244,3,acg
6.38E+13,3.5817258,-9.169792,-0.40701428,3,acg
6.38E+13,3.667917,-9.097966,-0.38307226,3,acg
6.38E+13,3.70383,-9.052477,-0.2753332,3,acg
6.38E+13,3.6296098,-9.107543,-0.22505496,3,acg
6.38E+13,3.5793316,-9.181764,-0.29448682,3,acg
6.38E+13,3.6032736,-9.255983,-0.32321724,3,acg
6.38E+13,3.6415808,-9.138668,-0.22744916,3,acg
6.38E+13,3.6727054,-9.097966,-0.2705448,3,acg
6.38E+13,3.751714,-9.148245,-0.25139117,3,acg
6.38E+13,3.751714,-9.148245,-0.25139117,3,acg
6.38E+13,3.6703112,-9.153033,-0.29448682,3,acg
6.38E+13,3.727772,-9.121908,-0.2873042,3,acg
6.38E+13,3.6990416,-9.121908,-0.2873042,3,acg
6.38E+13,3.679888,-9.114726,-0.29688102,3,acg
6.38E+13,3.608062,-9.078813,-0.34237084,3,acg
6.38E+13,3.6391866,-9.176975,-0.33039984,3,acg
6.38E+13,3.58412,-9.13388,-0.23702596,3,acg
6.38E+13,3.5577838,-9.13388,-0.18435353,3,acg
6.38E+13,3.596091,-9.038112,-0.2825158,3,acg
6.38E+13,3.6343982,-9.121908,-0.30406362,3,acg
6.38E+13,3.6583402,-9.193734,-0.31364042,3,acg
6.38E+13,3.6583402,-9.105149,-0.35434186,3,acg
6.38E+13,3.7349546,-9.097966,-0.33758244,3,acg
6.38E+13,3.7062242,-9.119514,-0.35673606,3,acg
6.38E+13,3.6655228,-9.184157,-0.29688102,3,acg
6.38E+13,3.6343982,-9.198523,-0.28491,3,acg
6.38E+13,3.5577838,-9.188946,-0.22744916,3,acg
6.38E+13,3.5984852,-9.131485,-0.29927522,3,acg
6.38E+13,3.6248214,-9.129091,-0.2681506,3,acg
6.38E+13,3.632004,-9.143456,-0.30166942,3,acg
6.38E+13,3.6056678,-9.165004,-0.3184288,3,acg
6.38E+13,3.58412,-9.11712,-0.32561144,3,acg
6.38E+13,3.5362358,-9.215282,-0.36631286,3,acg
6.38E+13,3.6296098,-9.203311,-0.3184288,3,acg
6.38E+13,3.6152446,-9.160215,-0.22744916,3,acg
6.38E+13,3.643975,-9.248801,-0.24420857,3,acg
6.38E+13,3.5458126,-9.205706,-0.25857377,3,acg
6.38E+13,3.596091,-9.165004,-0.2801216,3,acg
6.38E+13,3.572149,-9.150639,-0.260968,3,acg
6.38E+13,3.6248214,-9.16261,-0.25617957,3,acg
6.38E+13,3.514688,-9.222465,-0.2825158,3,acg
6.38E+13,3.550601,-9.109938,-0.29927522,3,acg
6.38E+13,3.5984852,-9.138668,-0.33758244,3,acg
6.38E+13,3.6008794,-9.107543,-0.33039984,3,acg
6.38E+13,3.5122938,-9.160215,-0.29927522,3,acg
6.38E+13,3.6535518,-9.090784,-0.18435353,3,acg
6.38E+13,3.7325604,-9.016563,-0.22744916,3,acg
6.38E+13,3.6894648,-9.16261,-0.2753332,3,acg
6.38E+13,3.502717,-9.198523,-0.2801216,3,acg
6.38E+13,3.502717,-9.212888,-0.34715924,3,acg
6.38E+13,3.5362358,-9.188946,-0.38307226,3,acg
6.38E+13,3.6391866,-9.167398,-0.33279404,3,acg
6.38E+13,3.6343982,-9.19134,-0.33758244,3,acg
6.38E+13,3.620033,-9.107543,-0.22266077,3,acg
6.38E+13,3.6511576,-9.188946,-0.22744916,3,acg
6.38E+13,3.6224272,-9.176975,-0.30885202,3,acg
6.38E+13,3.5793316,-9.215282,-0.35434186,3,acg
6.38E+13,3.5577838,-9.174581,-0.32561144,3,acg
6.38E+13,3.514688,-9.167398,-0.31364042,3,acg
6.38E+13,3.560178,-9.148245,-0.33039984,3,acg
6.38E+13,3.5482068,-9.088389,-0.32561144,3,acg
6.38E+13,3.6104562,-9.150639,-0.2801216,3,acg
6.38E+13,3.6008794,-9.179369,-0.29927522,3,acg
6.38E+13,3.6415808,-9.258378,-0.33039984,3,acg
6.38E+13,3.5673606,-9.212888,-0.34955344,3,acg
6.38E+13,3.5577838,-9.19134,-0.32321724,3,acg
6.38E+13,3.5889084,-9.165004,-0.35673606,3,acg
6.38E+13,3.6296098,-9.138668,-0.4261679,3,acg
6.38E+13,3.632004,-9.227253,-0.33758244,3,acg
6.38E+13,3.5984852,-9.181764,-0.33997664,3,acg
6.38E+13,3.6463692,-9.165004,-0.2753332,3,acg
6.38E+13,3.608062,-9.198523,-0.33279404,3,acg
6.38E+13,3.5673606,-9.138668,-0.24420857,3,acg
6.38E+13,3.58412,-9.0716305,-0.2777274,3,acg
6.38E+13,3.6152446,-9.121908,-0.3184288,3,acg
6.38E+13,3.6511576,-9.193734,-0.36870706,3,acg
6.38E+13,3.6248214,-9.136273,-0.34237084,3,acg
6.38E+13,3.5865142,-9.19134,-0.37110126,3,acg
6.38E+13,3.6056678,-9.224859,-0.36631286,3,acg
6.38E+13,3.5314474,-9.203311,-0.31124622,3,acg
6.38E+13,3.5242648,-9.241618,-0.23942018,3,acg
6.38E+13,3.6032736,-9.143456,-0.23223756,3,acg
6.38E+13,3.715801,-9.153033,-0.18674773,3,acg
6.38E+13,3.632004,-9.23683,-0.272939,3,acg
6.38E+13,3.5338416,-9.131485,-0.31124622,3,acg
6.38E+13,3.560178,-9.198523,-0.37110126,3,acg
6.38E+13,3.4979286,-9.136273,-0.2873042,3,acg
6.38E+13,3.643975,-9.035717,-0.35913026,3,acg
6.38E+13,3.6391866,-9.097966,-0.31124622,3,acg
6.38E+13,3.6535518,-9.109938,-0.33039984,3,acg
6.38E+13,3.5865142,-9.181764,-0.30406362,3,acg
6.38E+13,3.6272156,-9.155427,-0.29209262,3,acg
6.38E+13,3.667917,-9.208099,-0.33758244,3,acg
6.38E+13,3.715801,-9.172187,-0.25857377,3,acg
6.38E+13,3.560178,-9.167398,-0.25378537,3,acg
6.38E+13,3.643975,-9.121908,-0.21547815,3,acg
6.38E+13,3.5984852,-9.076419,-0.2657564,3,acg
6.38E+13,3.643975,-9.141062,-0.2873042,3,acg
6.38E+13,3.6296098,-9.165004,-0.2896984,3,acg
6.38E+13,3.6248214,-9.14585,-0.2873042,3,acg
6.38E+13,3.6104562,-9.136273,-0.21308395,3,acg
6.38E+13,3.655946,-9.131485,-0.272939,3,acg
6.38E+13,3.6990416,-9.150639,-0.320823,3,acg
6.38E+13,3.6703112,-9.196129,-0.30406362,3,acg
6.38E+13,3.5673606,-9.088389,-0.32800564,3,acg
6.38E+13,3.6008794,-9.093178,-0.31603462,3,acg
6.38E+13,3.6846764,-9.150639,-0.260968,3,acg
6.38E+13,3.7086184,-9.150639,-0.2873042,3,acg
6.38E+13,3.667917,-9.136273,-0.23702596,3,acg
6.38E+13,3.6607344,-9.174581,-0.2705448,3,acg
6.38E+13,3.6966474,-9.165004,-0.21547815,3,acg
6.38E+13,3.70383,-9.14585,-0.2801216,3,acg
6.38E+13,3.6727054,-9.174581,-0.2873042,3,acg
6.38E+13,3.6703112,-9.176975,-0.24420857,3,acg
6.38E+13,3.6248214,-9.169792,-0.25617957,3,acg
6.38E+13,3.6894648,-9.081207,-0.23942018,3,acg
6.38E+13,3.5913026,-9.105149,-0.34476504,3,acg
6.38E+13,3.6104562,-9.107543,-0.2705448,3,acg
6.38E+13,3.6367924,-9.097966,-0.2633622,3,acg
6.38E+13,3.6248214,-9.100361,-0.2705448,3,acg
6.38E+13,3.7014358,-9.155427,-0.23223756,3,acg
6.38E+13,3.6391866,-9.167398,-0.30166942,3,acg
6.38E+13,3.6631286,-9.129091,-0.22984336,3,acg
6.38E+13,3.667917,-9.172187,-0.2705448,3,acg
6.38E+13,3.6032736,-9.148245,-0.2753332,3,acg
6.38E+13,3.6152446,-9.176975,-0.29688102,3,acg
6.38E+13,3.6535518,-9.148245,-0.19153613,3,acg
6.38E+13,3.6750996,-9.105149,-0.2633622,3,acg
6.38E+13,3.6727054,-9.062054,-0.29688102,3,acg
6.38E+13,3.763685,-9.090784,-0.32321724,3,acg
6.38E+13,3.691859,-9.121908,-0.2633622,3,acg
6.38E+13,3.6104562,-9.131485,-0.2753332,3,acg
6.38E+13,3.5625722,-9.114726,-0.29209262,3,acg
6.38E+13,3.6296098,-9.131485,-0.37349546,3,acg
6.38E+13,3.6990416,-9.184157,-0.2753332,3,acg
6.38E+13,3.715801,-9.033323,-0.23942018,3,acg
6.38E+13,3.7588966,-9.028535,-0.24899697,3,acg
6.38E+13,3.6056678,-9.093178,-0.21547815,3,acg
6.38E+13,3.596091,-9.129091,-0.2825158,3,acg
6.38E+13,3.58412,-9.169792,-0.2873042,3,acg
6.38E+13,3.6104562,-9.131485,-0.3184288,3,acg
6.38E+13,3.7134068,-9.119514,-0.28491,3,acg
6.38E+13,3.6894648,-9.105149,-0.23702596,3,acg
6.38E+13,3.739743,-9.095572,-0.22266077,3,acg
6.38E+13,3.7612908,-9.148245,-0.21068975,3,acg
6.38E+13,3.6942532,-9.184157,-0.30406362,3,acg
6.38E+13,3.6391866,-9.121908,-0.36391866,3,acg
6.38E+13,3.655946,-9.205706,-0.33039984,3,acg
6.38E+13,3.6176388,-9.088389,-0.2753332,3,acg
6.38E+13,3.667917,-9.153033,-0.2681506,3,acg
6.38E+13,3.6655228,-9.050082,-0.33518824,3,acg
6.38E+13,3.5745432,-9.062054,-0.35434186,3,acg
6.38E+13,3.5984852,-9.160215,-0.35673606,3,acg
6.38E+13,3.5817258,-9.126697,-0.30645782,3,acg
6.38E+13,3.5625722,-9.143456,-0.29688102,3,acg
6.38E+13,3.6607344,-9.193734,-0.2873042,3,acg
6.38E+13,3.6631286,-9.109938,-0.29448682,3,acg
6.38E+13,3.6846764,-9.153033,-0.29448682,3,acg
6.38E+13,3.6535518,-9.196129,-0.31364042,3,acg
6.38E+13,3.620033,-9.102755,-0.2873042,3,acg
6.38E+13,3.58412,-9.150639,-0.24899697,3,acg
6.38E+13,3.6224272,-9.131485,-0.32561144,3,acg
6.38E+13,3.5817258,-9.129091,-0.2801216,3,acg
6.38E+13,3.620033,-9.169792,-0.32800564,3,acg
6.38E+13,3.6727054,-9.040505,-0.36152446,3,acg
6.38E+13,3.7086184,-9.076419,-0.36152446,3,acg
6.38E+13,3.6056678,-9.090784,-0.35434186,3,acg
6.38E+13,3.5936968,-9.155427,-0.30645782,3,acg
6.38E+13,3.6176388,-9.143456,-0.2801216,3,acg
6.38E+13,3.5984852,-9.14585,-0.24181437,3,acg
6.38E+13,3.6032736,-9.19134,-0.2633622,3,acg
6.38E+13,3.6056678,-9.172187,-0.22505496,3,acg
6.38E+13,3.560178,-9.210494,-0.22984336,3,acg
6.38E+13,3.5889084,-9.193734,-0.320823,3,acg
6.38E+13,3.6152446,-9.220071,-0.37588966,3,acg
6.38E+13,3.6248214,-9.246407,-0.3878607,3,acg
6.38E+13,3.572149,-9.258378,-0.3878607,3,acg
6.38E+13,3.5434184,-9.232041,-0.32800564,3,acg
6.38E+13,3.6152446,-9.14585,-0.29927522,3,acg
6.38E+13,3.5769374,-9.16261,-0.32321724,3,acg
6.38E+13,3.5362358,-9.174581,-0.30885202,3,acg
6.38E+13,3.5745432,-9.176975,-0.320823,3,acg
6.38E+13,3.6343982,-9.217676,-0.2777274,3,acg
6.38E+13,3.655946,-9.179369,-0.30885202,3,acg
6.38E+13,3.5577838,-9.205706,-0.35673606,3,acg
6.38E+13,3.5769374,-9.179369,-0.35913026,3,acg
6.38E+13,3.5577838,-9.126697,-0.34715924,3,acg
6.38E+13,3.5984852,-9.153033,-0.38067806,3,acg
6.38E+13,3.5625722,-9.150639,-0.33279404,3,acg
6.38E+13,3.5793316,-9.165004,-0.25139117,3,acg
6.38E+13,3.6248214,-9.143456,-0.25617957,3,acg
6.38E+13,3.5984852,-9.16261,-0.31603462,3,acg
6.38E+13,3.58412,-9.13388,-0.31603462,3,acg
6.38E+13,3.596091,-9.131485,-0.31364042,3,acg
6.38E+13,3.5649664,-9.13388,-0.29927522,3,acg
6.38E+13,3.5122938,-9.131485,-0.33997664,3,acg
6.38E+13,3.5218706,-9.114726,-0.34476504,3,acg
6.38E+13,3.5625722,-9.172187,-0.272939,3,acg
6.38E+13,3.5553896,-9.150639,-0.30645782,3,acg
6.38E+13,3.6104562,-9.181764,-0.35434186,3,acg
6.38E+13,3.58412,-9.176975,-0.32321724,3,acg
6.38E+13,3.6367924,-9.165004,-0.31603462,3,acg
6.38E+13,3.6224272,-9.186552,-0.35194764,3,acg
6.38E+13,3.58412,-9.174581,-0.30166942,3,acg
6.38E+13,3.5410242,-9.215282,-0.33039984,3,acg
6.38E+13,3.596091,-9.193734,-0.2705448,3,acg
6.38E+13,3.550601,-9.179369,-0.30166942,3,acg
6.38E+13,3.5170822,-9.112331,-0.36152446,3,acg
6.38E+13,3.5625722,-9.093178,-0.3184288,3,acg
6.38E+13,3.5817258,-9.179369,-0.36152446,3,acg
6.38E+13,3.6008794,-9.179369,-0.36631286,3,acg
6.38E+13,3.5936968,-9.13388,-0.36152446,3,acg
6.38E+13,3.5434184,-9.227253,-0.34476504,3,acg
6.38E+13,3.5075054,-9.251195,-0.34476504,3,acg
6.38E+13,3.4979286,-9.234436,-0.34476504,3,acg
6.38E+13,3.5673606,-9.188946,-0.30406362,3,acg
6.38E+13,3.6152446,-9.215282,-0.37110126,3,acg
6.38E+13,3.6128504,-9.203311,-0.36391866,3,acg
6.38E+13,3.5482068,-9.174581,-0.29209262,3,acg
6.38E+13,3.4835634,-9.143456,-0.260968,3,acg
6.38E+13,3.5338416,-9.153033,-0.34476504,3,acg
6.38E+13,3.5362358,-9.13388,-0.38067806,3,acg
6.38E+13,3.514688,-9.196129,-0.4189853,3,acg
6.38E+13,3.550601,-9.174581,-0.39025488,3,acg
6.38E+13,3.596091,-9.13388,-0.33758244,3,acg
6.38E+13,3.560178,-9.188946,-0.35434186,3,acg
6.38E+13,3.5553896,-9.186552,-0.35194764,3,acg
6.38E+13,3.4931402,-9.167398,-0.32800564,3,acg
6.38E+13,3.5482068,-9.165004,-0.34476504,3,acg
6.38E+13,3.655946,-9.083601,-0.30645782,3,acg
6.38E+13,3.5793316,-9.179369,-0.31124622,3,acg
6.38E+13,3.5769374,-9.234436,-0.29688102,3,acg
6.38E+13,3.5194764,-9.217676,-0.37349546,3,acg
6.38E+13,3.5697548,-9.224859,-0.40462008,3,acg
6.38E+13,3.5697548,-9.176975,-0.30166942,3,acg
6.38E+13,3.5170822,-9.196129,-0.24899697,3,acg
6.38E+13,3.5625722,-9.155427,-0.30645782,3,acg
6.38E+13,3.620033,-9.205706,-0.22984336,3,acg
6.38E+13,3.655946,-9.205706,-0.32800564,3,acg
6.38E+13,3.608062,-9.167398,-0.34955344,3,acg
6.38E+13,3.5218706,-9.19134,-0.30166942,3,acg
6.38E+13,3.5529952,-9.165004,-0.31603462,3,acg
6.38E+13,3.5458126,-9.076419,-0.34955344,3,acg
6.38E+13,3.5817258,-9.107543,-0.32800564,3,acg
6.38E+13,3.5362358,-9.186552,-0.36631286,3,acg
6.38E+13,3.5410242,-9.179369,-0.37588966,3,acg
6.38E+13,3.5410242,-9.16261,-0.2657564,3,acg
6.38E+13,3.5769374,-9.131485,-0.29688102,3,acg
6.38E+13,3.6343982,-9.131485,-0.33518824,3,acg
6.38E+13,3.5865142,-9.200917,-0.37588966,3,acg
6.38E+13,3.6655228,-9.208099,-0.272939,3,acg
6.38E+13,3.5242648,-9.11712,-0.39743748,3,acg
6.38E+13,3.572149,-9.095572,-0.40462008,3,acg
6.38E+13,3.5625722,-9.131485,-0.32561144,3,acg
6.38E+13,3.5482068,-9.138668,-0.22984336,3,acg
6.38E+13,3.5482068,-9.138668,-0.22984336,3,acg
6.38E+13,3.5410242,-9.107543,-0.22984336,3,acg
6.38E+13,3.5410242,-9.030929,-0.23463176,3,acg
6.38E+13,3.5984852,-9.174581,-0.32321724,3,acg
6.38E+13,3.6032736,-9.193734,-0.30406362,3,acg
6.38E+13,3.6224272,-9.165004,-0.36870706,3,acg
6.38E+13,3.5649664,-9.198523,-0.34476504,3,acg
6.38E+13,3.5553896,-9.150639,-0.39025488,3,acg
6.38E+13,3.53863,-9.157822,-0.39025488,3,acg
6.38E+13,3.5984852,-9.208099,-0.34476504,3,acg
6.38E+13,3.6894648,-9.188946,-0.28491,3,acg
6.38E+13,3.6822822,-9.196129,-0.30166942,3,acg
6.38E+13,3.5984852,-9.169792,-0.320823,3,acg
6.38E+13,3.5936968,-9.174581,-0.2801216,3,acg
6.38E+13,3.6607344,-9.13388,-0.29209262,3,acg
6.38E+13,3.5218706,-9.14585,-0.37110126,3,acg
6.38E+13,3.53863,-9.095572,-0.2896984,3,acg
6.38E+13,3.6152446,-9.078813,-0.25617957,3,acg
6.38E+13,3.6272156,-9.107543,-0.21787235,3,acg
6.38E+13,3.5793316,-9.160215,-0.34476504,3,acg
6.38E+13,3.6487634,-9.167398,-0.35434186,3,acg
6.38E+13,3.7110126,-9.069236,-0.4261679,3,acg
6.38E+13,3.7325604,-9.23683,-0.36631286,3,acg
6.38E+13,3.6248214,-9.141062,-0.20590134,3,acg
6.38E+13,3.5625722,-9.203311,-0.25857377,3,acg
6.38E+13,3.5170822,-9.210494,-0.33758244,3,acg
6.38E+13,3.6463692,-9.112331,-0.33039984,3,acg
6.38E+13,3.6511576,-9.184157,-0.36631286,3,acg
6.38E+13,3.679888,-9.16261,-0.30645782,3,acg
6.38E+13,3.6607344,-9.179369,-0.320823,3,acg
6.38E+13,3.763685,-9.186552,-0.320823,3,acg
6.38E+13,3.7325604,-9.148245,-0.33758244,3,acg
6.38E+13,3.6990416,-9.167398,-0.30166942,3,acg
6.38E+13,3.5889084,-9.131485,-0.2705448,3,acg
6.38E+13,3.6942532,-9.179369,-0.25857377,3,acg
6.38E+13,3.6655228,-9.141062,-0.21068975,3,acg
6.38E+13,3.5913026,-9.062054,-0.21547815,3,acg
6.38E+13,3.5314474,-9.083601,-0.35194764,3,acg
6.38E+13,3.6391866,-9.052477,-0.260968,3,acg
6.38E+13,3.6583402,-9.02614,-0.36391866,3,acg
6.38E+13,3.6966474,-9.131485,-0.36391866,3,acg
6.38E+13,3.6990416,-9.124303,-0.51954174,3,acg
6.38E+13,3.7493198,-9.215282,-0.533907,3,acg
6.38E+13,3.799598,-9.210494,-0.40222588,3,acg
6.38E+13,3.739743,-9.114726,-0.24181437,3,acg
6.38E+13,3.7110126,-9.095572,-0.18435353,3,acg
6.38E+13,3.5242648,-9.009381,-0.088585466,3,acg
6.38E+13,3.502717,-9.193734,-0.24420857,3,acg
6.38E+13,3.6391866,-9.059659,-0.29927522,3,acg
6.38E+13,3.7110126,-9.050082,-0.40940848,3,acg
6.38E+13,3.691859,-9.057265,-0.45489833,3,acg
6.38E+13,3.7325604,-9.066842,-0.50757074,3,acg
6.38E+13,3.751714,-9.059659,-0.48602295,3,acg
6.38E+13,3.6535518,-9.169792,-0.3854665,3,acg
6.38E+13,3.6774938,-9.095572,-0.34955344,3,acg
6.38E+13,3.715801,-9.102755,-0.31603462,3,acg
6.38E+13,3.7445314,-9.143456,-0.34715924,3,acg
6.38E+13,3.70383,-9.169792,-0.30406362,3,acg
6.38E+13,3.7062242,-9.210494,-0.31124622,3,acg
6.38E+13,3.6990416,-9.150639,-0.33758244,3,acg
6.38E+13,3.6631286,-9.131485,-0.37828386,3,acg
6.38E+13,3.7014358,-9.078813,-0.36391866,3,acg
6.38E+13,3.7349546,-9.119514,-0.29209262,3,acg
6.38E+13,3.7588966,-9.040505,-0.35673606,3,acg
6.38E+13,3.6966474,-9.093178,-0.37110126,3,acg
6.38E+13,3.715801,-9.121908,-0.31603462,3,acg
6.38E+13,3.7062242,-9.018958,-0.40940848,3,acg
6.38E+13,3.70383,-9.062054,-0.37588966,3,acg
6.38E+13,3.833117,-8.99741,-0.34237084,3,acg
6.38E+13,3.845088,-9.002198,-0.3854665,3,acg
6.38E+13,3.7732618,-9.054871,-0.40222588,3,acg
6.38E+13,3.6750996,-9.0716305,-0.34955344,3,acg
6.38E+13,3.6990416,-9.078813,-0.38067806,3,acg
6.38E+13,3.6415808,-9.095572,-0.34476504,3,acg
6.38E+13,3.6655228,-9.069236,-0.3854665,3,acg
6.38E+13,3.6846764,-8.9998045,-0.40462008,3,acg
6.38E+13,3.7469256,-9.066842,-0.40940848,3,acg
6.38E+13,3.7421372,-9.0716305,-0.4189853,3,acg
6.38E+13,3.7229836,-9.121908,-0.37588966,3,acg
6.38E+13,3.7565024,-9.112331,-0.37588966,3,acg
6.38E+13,3.6655228,-9.030929,-0.39025488,3,acg
6.38E+13,3.632004,-9.011775,-0.4261679,3,acg
6.38E+13,3.58412,-9.093178,-0.4213795,3,acg
6.38E+13,3.5913026,-9.033323,-0.46447513,3,acg
6.38E+13,3.7229836,-9.088389,-0.48602295,3,acg
6.38E+13,3.6631286,-9.105149,-0.40222588,3,acg
6.38E+13,3.667917,-9.138668,-0.4381389,3,acg
6.38E+13,3.6966474,-9.176975,-0.47405192,3,acg
6.38E+13,3.7014358,-9.172187,-0.49799395,3,acg
6.38E+13,3.7469256,-9.289502,-0.50278234,3,acg
6.38E+13,3.6607344,-9.215282,-0.4285621,3,acg
6.38E+13,3.6343982,-9.181764,-0.47165772,3,acg
6.38E+13,3.6774938,-9.143456,-0.49559975,3,acg
6.38E+13,3.7301662,-9.19134,-0.46447513,3,acg
6.38E+13,3.5984852,-9.11712,-0.44532153,3,acg
6.38E+13,3.5673606,-9.097966,-0.47644615,3,acg
6.38E+13,3.58412,-9.16261,-0.49081135,3,acg
6.38E+13,3.6535518,-9.066842,-0.44532153,3,acg
6.38E+13,3.6583402,-9.136273,-0.44771573,3,acg
6.38E+13,3.70383,-9.157822,-0.521936,3,acg
6.38E+13,3.5673606,-9.138668,-0.5267244,3,acg
6.38E+13,3.5936968,-9.167398,-0.48123455,3,acg
6.38E+13,3.5314474,-9.076419,-0.4357447,3,acg
6.38E+13,3.5290532,-9.196129,-0.4405331,3,acg
6.38E+13,3.5984852,-9.23683,-0.40940848,3,acg
6.38E+13,3.5793316,-9.215282,-0.50757074,3,acg
6.38E+13,3.5889084,-9.143456,-0.48602295,3,acg
6.38E+13,3.655946,-9.215282,-0.44532153,3,acg
6.38E+13,3.5889084,-9.208099,-0.49320555,3,acg
6.38E+13,3.5458126,-9.217676,-0.45729253,3,acg
6.38E+13,3.5338416,-9.181764,-0.5315128,3,acg
6.38E+13,3.5170822,-9.251195,-0.48602295,3,acg
6.38E+13,3.560178,-9.153033,-0.5626374,3,acg
6.38E+13,3.526659,-9.150639,-0.5554548,3,acg
6.38E+13,3.550601,-9.11712,-0.48123455,3,acg
6.38E+13,3.5098996,-9.153033,-0.49320555,3,acg
6.38E+13,3.502717,-9.203311,-0.5267244,3,acg
6.38E+13,3.5242648,-9.217676,-0.5626374,3,acg
6.38E+13,3.5936968,-9.188946,-0.59136784,3,acg
6.38E+13,3.6032736,-9.212888,-0.6368576,3,acg
6.38E+13,3.5769374,-9.167398,-0.61530983,3,acg
6.38E+13,3.5625722,-9.188946,-0.62488663,3,acg
6.38E+13,3.5529952,-9.124303,-0.5530606,3,acg
6.38E+13,3.5625722,-9.114726,-0.29209262,3,acg
6.38E+13,3.5290532,-9.212888,-0.47644615,3,acg
6.38E+13,3.5003228,-9.138668,-0.58657944,3,acg
6.38E+13,3.4859576,-9.165004,-0.51475334,3,acg
6.38E+13,3.5745432,-9.220071,-0.581791,3,acg
6.38E+13,3.5290532,-9.121908,-0.61291564,3,acg
6.38E+13,3.5242648,-9.224859,-0.60094464,3,acg
6.38E+13,3.5745432,-9.155427,-0.5674258,3,acg
6.38E+13,3.5649664,-9.052477,-0.5410896,3,acg
6.38E+13,3.5194764,-9.102755,-0.5626374,3,acg
6.38E+13,3.58412,-9.186552,-0.5554548,3,acg
6.38E+13,3.5529952,-9.045294,-0.5674258,3,acg
6.38E+13,3.643975,-9.203311,-0.5602432,3,acg
6.38E+13,3.5290532,-9.167398,-0.5770026,3,acg
6.38E+13,3.5410242,-9.193734,-0.5770026,3,acg
6.38E+13,3.5003228,-9.196129,-0.62967503,3,acg
6.38E+13,3.490746,-9.148245,-0.62967503,3,acg
6.38E+13,3.5362358,-9.196129,-0.58657944,3,acg
6.38E+13,3.5865142,-9.198523,-0.5626374,3,acg
6.38E+13,3.4811692,-9.16261,-0.5267244,3,acg
6.38E+13,3.5458126,-9.188946,-0.4357447,3,acg
6.38E+13,3.5290532,-9.212888,-0.49559975,3,acg
6.38E+13,3.4691982,-9.208099,-0.521936,3,acg
6.38E+13,3.4979286,-9.16261,-0.5291186,3,acg
6.38E+13,3.4715924,-9.188946,-0.62249243,3,acg
6.38E+13,3.4715924,-9.188946,-0.62249243,3,acg
6.38E+13,3.4644098,-9.244013,-0.521936,3,acg
6.38E+13,3.4596214,-9.244013,-0.521936,3,acg
6.38E+13,3.6032736,-9.193734,-0.30406362,3,acg
6.38E+13,3.4620156,-9.227253,-0.5626374,3,acg
6.38E+13,3.4596214,-9.121908,-0.49799395,3,acg
6.38E+13,3.5793316,-9.210494,-0.5386954,3,acg
6.38E+13,3.4715924,-9.234436,-0.533907,3,acg
6.38E+13,3.4620156,-9.222465,-0.5722142,3,acg
6.38E+13,3.430891,-9.153033,-0.59376204,3,acg
6.38E+13,3.442862,-9.153033,-0.545878,3,acg
6.38E+13,3.4524388,-9.186552,-0.5267244,3,acg
6.38E+13,3.526659,-9.143456,-0.50996494,3,acg
6.38E+13,3.526659,-9.093178,-0.545878,3,acg
6.38E+13,3.5529952,-9.174581,-0.5291186,3,acg
6.38E+13,3.4883518,-9.157822,-0.49320555,3,acg
6.38E+13,3.5170822,-9.227253,-0.61530983,3,acg
6.38E+13,3.466804,-9.160215,-0.61052144,3,acg
6.38E+13,3.4500446,-9.267955,-0.61530983,3,acg
6.38E+13,3.5290532,-9.246407,-0.5434838,3,acg
6.38E+13,3.572149,-9.138668,-0.5243302,3,acg
6.38E+13,3.4763808,-9.227253,-0.545878,3,acg
6.38E+13,3.5242648,-9.246407,-0.49320555,3,acg
6.38E+13,3.550601,-9.229648,-0.533907,3,acg
6.38E+13,3.6008794,-9.210494,-0.5674258,3,acg
6.38E+13,3.5290532,-9.169792,-0.50278234,3,acg
6.38E+13,3.5817258,-9.153033,-0.49320555,3,acg
6.38E+13,3.5434184,-9.112331,-0.50038815,3,acg
6.38E+13,3.526659,-9.100361,-0.5386954,3,acg
6.38E+13,3.490746,-9.169792,-0.51235914,3,acg
6.38E+13,3.5434184,-9.109938,-0.521936,3,acg
6.38E+13,3.6032736,-9.193734,-0.30406362,3,acg
6.38E+13,3.5362358,-9.143456,-0.51954174,3,acg
6.38E+13,3.5242648,-9.215282,-0.5674258,3,acg
6.38E+13,3.4572272,-9.150639,-0.60573304,3,acg
6.38E+13,3.5218706,-9.208099,-0.51235914,3,acg
6.38E+13,3.5769374,-9.200917,-0.50038815,3,acg
6.38E+13,3.4931402,-9.119514,-0.47165772,3,acg
6.38E+13,3.5338416,-9.136273,-0.50996494,3,acg
6.38E+13,3.5984852,-9.143456,-0.48841715,3,acg
6.38E+13,3.5769374,-9.160215,-0.49799395,3,acg
6.38E+13,3.5817258,-9.14585,-0.5650316,3,acg
6.38E+13,3.4811692,-9.234436,-0.5770026,3,acg
6.38E+13,3.430891,-9.198523,-0.557849,3,acg
6.38E+13,3.4596214,-9.224859,-0.5602432,3,acg
6.38E+13,3.5529952,-9.165004,-0.521936,3,acg
6.38E+13,3.6248214,-9.165004,-0.46686932,3,acg
6.38E+13,3.5936968,-9.174581,-0.4333505,3,acg
6.38E+13,3.620033,-9.224859,-0.521936,3,acg
6.38E+13,3.4931402,-9.198523,-0.47165772,3,acg
6.38E+13,3.5194764,-9.196129,-0.51954174,3,acg
6.38E+13,3.5314474,-9.102755,-0.50757074,3,acg
6.38E+13,3.478775,-9.083601,-0.5291186,3,acg
6.38E+13,3.5051112,-9.078813,-0.5793968,3,acg
6.38E+13,3.5434184,-9.097966,-0.5315128,3,acg
6.38E+13,3.5218706,-9.045294,-0.48362875,3,acg
6.38E+13,3.5338416,-9.136273,-0.5386954,3,acg
6.38E+13,3.5098996,-9.114726,-0.5482722,3,acg
6.38E+13,3.5745432,-9.181764,-0.5410896,3,acg
6.38E+13,-7.3549876,-5.755661,1.2641385,3,acg
6.38E+13,-8.520964,-6.471527,2.3008277,3,acg
6.38E+13,-7.5848308,-7.1131735,2.1021092,3,acg
6.38E+13,-6.7085533,-6.861782,2.944868,3,acg
6.38E+13,-6.093243,-7.180211,3.4500446,3,acg
6.38E+13,-5.7628436,-6.7205243,3.596091,3,acg
6.38E+13,-5.3941364,-6.481104,3.3877954,3,acg
6.38E+13,-5.932832,-6.045359,2.4588451,3,acg
6.38E+13,-6.4284315,-5.3845596,2.765303,3,acg
6.38E+13,-6.6846113,-4.8123455,2.4181437,3,acg
6.38E+13,-5.815516,-5.080496,3.0214825,3,acg
6.38E+13,-5.722142,-6.0166287,3.241749,3,acg
6.38E+13,-5.499481,-6.3685765,3.265691,3,acg
6.38E+13,-6.2512608,-6.0980315,3.3542767,3,acg
6.38E+13,-0.002443461,0.002443461,0.006108652,3,gyro
6.38E+13,-0.34574974,0.13927728,-0.1563815,3,gyro
6.38E+13,-0.43249258,-0.009773844,-0.48747048,3,gyro
6.38E+13,-0.41416663,-0.11484267,-0.4813618,3,gyro
6.38E+13,0.13683382,0.27366763,0.31398472,3,gyro
6.38E+13,0.07819075,0.17470746,0.21380283,3,gyro
6.38E+13,-0.003665192,0.02687807,0.003665192,3,gyro
6.38E+13,-0.007330383,0.013439035,-0.003665192,3,gyro
6.38E+13,-0.03176499,0.014660766,-0.02076942,3,gyro
6.38E+13,-0.052534413,0.012217305,-0.029321533,3,gyro
6.38E+13,-0.058643065,0.009773844,-0.039095376,3,gyro
6.38E+13,-0.056199603,0.015882496,-0.05375614,3,gyro
6.38E+13,-0.04520403,0.021991149,-0.06352998,3,gyro
6.38E+13,-0.035430185,0.02443461,-0.062308256,3,gyro
6.38E+13,-0.02443461,0.029321533,-0.05131268,3,gyro
6.38E+13,-0.019547688,0.039095376,-0.04886922,3,gyro
6.38E+13,-0.019547688,0.04520403,-0.05009095,3,gyro
6.38E+13,-0.009773844,0.04886922,-0.04520403,3,gyro
6.38E+13,-0.019547688,0.037873644,-0.036651913,3,gyro
6.38E+13,-0.06352998,0.02565634,-0.04520403,3,gyro
6.38E+13,-0.06719518,0.035430185,-0.036651913,3,gyro
6.38E+13,-0.07574729,0.02321288,-0.015882496,3,gyro
6.38E+13,-0.07696902,0.02687807,-0.028099801,3,gyro
6.38E+13,-0.035430185,0.043982297,-0.035430185,3,gyro
6.38E+13,0.040317107,0.059864793,-0.061086524,3,gyro
6.38E+13,0.04642576,0.059864793,-0.0720821,3,gyro
6.38E+13,0.029321533,0.081855945,-0.10873401,3,gyro
6.38E+13,0.006108652,0.08307768,-0.1160644,3,gyro
6.38E+13,-0.039095376,0.087964594,-0.12705997,3,gyro
6.38E+13,-0.04642576,0.10873401,-0.14294247,3,gyro
6.38E+13,-0.012217305,0.12705997,-0.16371189,3,gyro
6.38E+13,-0.017104227,0.14049901,-0.17715092,3,gyro
6.38E+13,0.037873644,0.16615535,-0.19914207,3,gyro
6.38E+13,0.0842994,0.16615535,-0.19303341,3,gyro
6.38E+13,0.073303826,0.16249016,-0.20769419,3,gyro
6.38E+13,0.02687807,0.16982053,-0.204029,3,gyro
6.38E+13,-0.014660766,0.17348573,-0.20158553,3,gyro
6.38E+13,-0.037873644,0.172264,-0.20158553,3,gyro
6.38E+13,-0.064751714,0.17959438,-0.22113322,3,gyro
6.38E+13,-0.065973446,0.18448131,-0.23823744,3,gyro
6.38E+13,-0.073303826,0.18203785,-0.24190263,3,gyro
6.38E+13,-0.058643065,0.17959438,-0.23945917,3,gyro
6.38E+13,-0.015882496,0.17104226,-0.22968534,3,gyro
6.38E+13,0.017104227,0.1600467,-0.22968534,3,gyro
6.38E+13,0.036651913,0.15393804,-0.2406809,3,gyro
6.38E+13,0.04642576,0.14294247,-0.23823744,3,gyro
6.38E+13,0.064751714,0.13072516,-0.22968534,3,gyro
6.38E+13,0.07086037,0.12339478,-0.22968534,3,gyro
6.38E+13,0.056199603,0.12461651,-0.24312437,3,gyro
6.38E+13,0.021991149,0.12461651,-0.2687807,3,gyro
6.38E+13,0.028099801,0.13194689,-0.2724459,3,gyro
6.38E+13,0.05131268,0.12705997,-0.24556783,3,gyro
6.38E+13,0.081855945,0.13683382,-0.23701571,3,gyro
6.38E+13,0.11362094,0.15149458,-0.23457226,3,gyro
6.38E+13,0.087964594,0.14660765,-0.22113322,3,gyro
6.38E+13,0.036651913,0.1441642,-0.19914207,3,gyro
6.38E+13,0.002443461,0.13927728,-0.1600467,3,gyro
6.38E+13,-0.039095376,0.12461651,-0.12095132,3,gyro
6.38E+13,-0.10629055,0.10262536,-0.09773844,3,gyro
6.38E+13,-0.1685988,0.07819075,-0.07941248,3,gyro
6.38E+13,-0.21746802,0.065973446,-0.057421334,3,gyro
6.38E+13,-0.24923302,0.05131268,-0.040317107,3,gyro
6.38E+13,-0.2565634,0.03176499,-0.04642576,3,gyro
6.38E+13,-0.2565634,0.03176499,-0.04642576,3,gyro
6.38E+13,-0.20769419,0.02443461,-0.05009095,3,gyro
6.38E+13,-0.13316862,0.019547688,-0.039095376,3,gyro
6.38E+13,-0.052534413,0.010995574,-0.036651913,3,gyro
6.38E+13,-0.039095376,-0.009773844,-0.030543262,3,gyro
6.38E+13,-0.062308256,-0.04153884,0.001221731,3,gyro
6.38E+13,-0.06963864,-0.07941248,0.05131268,3,gyro
6.38E+13,-0.06841691,-0.10140363,0.089186326,3,gyro
6.38E+13,-0.06963864,-0.12705997,0.095294975,3,gyro
6.38E+13,-0.05131268,-0.14049901,0.065973446,3,gyro
6.38E+13,-0.05131268,-0.14049901,0.065973446,3,gyro
6.38E+13,-0.02565634,-0.13439035,0.07819075,3,gyro
6.38E+13,-0.010995574,-0.13194689,0.1001819,3,gyro
6.38E+13,0.001221731,-0.12705997,0.10873401,3,gyro
6.38E+13,0.006108652,-0.13072516,0.10262536,3,gyro
6.38E+13,0.013439035,-0.13927728,0.10873401,3,gyro
6.38E+13,0.032986723,-0.14172074,0.13439035,3,gyro
6.38E+13,0.04153884,-0.14294247,0.15393804,3,gyro
6.38E+13,0.040317107,-0.14049901,0.15393804,3,gyro
6.38E+13,0.028099801,-0.11484267,0.09407325,3,gyro
6.38E+13,0.028099801,-0.11484267,0.09407325,3,gyro
6.38E+13,0.006108652,-0.105068825,0.057421334,3,gyro
6.38E+13,-0.012217305,-0.09407325,0.04153884,3,gyro
6.38E+13,-0.017104227,-0.08674286,0.042760566,3,gyro
6.38E+13,-0.015882496,-0.07696902,0.042760566,3,gyro
6.38E+13,-0.02565634,-0.059864793,0.032986723,3,gyro
6.38E+13,-0.036651913,-0.040317107,0.021991149,3,gyro
6.38E+13,-0.037873644,-0.02321288,0.010995574,3,gyro
6.38E+13,-0.037873644,-0.006108652,0,3,gyro
6.38E+13,-0.035430185,0.017104227,-0.014660766,3,gyro
6.38E+13,-0.02076942,0.040317107,-0.032986723,3,gyro
6.38E+13,-0.013439035,0.059864793,-0.04642576,3,gyro
6.38E+13,-0.018325957,0.06719518,-0.05009095,3,gyro
6.38E+13,-0.03176499,0.06841691,-0.05009095,3,gyro
6.38E+13,-0.056199603,0.065973446,-0.04642576,3,gyro
6.38E+13,-0.080634214,0.06352998,-0.04642576,3,gyro
6.38E+13,-0.09040806,0.062308256,-0.047647487,3,gyro
6.38E+13,-0.0842994,0.064751714,-0.05009095,3,gyro
6.38E+13,-0.06841691,0.06841691,-0.052534413,3,gyro
6.38E+13,-0.04153884,0.07086037,-0.052534413,3,gyro
6.38E+13,-0.015882496,0.073303826,-0.057421334,3,gyro
6.38E+13,-0.002443461,0.07452556,-0.06841691,3,gyro
6.38E+13,-0.003665192,0.073303826,-0.07819075,3,gyro
6.38E+13,-0.012217305,0.065973446,-0.08552113,3,gyro
6.38E+13,-0.02565634,0.056199603,-0.08552113,3,gyro
6.38E+13,-0.034208454,0.047647487,-0.07941248,3,gyro
6.38E+13,-0.040317107,0.037873644,-0.065973446,3,gyro
6.38E+13,-0.043982297,0.03176499,-0.04886922,3,gyro
6.38E+13,-0.037873644,0.028099801,-0.039095376,3,gyro
6.38E+13,-0.030543262,0.032986723,-0.03176499,3,gyro
6.38E+13,-0.021991149,0.039095376,-0.018325957,3,gyro
6.38E+13,-0.012217305,0.040317107,0.002443461,3,gyro
6.38E+13,-0.008552114,0.05131268,0.004886922,3,gyro
6.38E+13,-0.02321288,0.064751714,-0.017104227,3,gyro
6.38E+13,-0.05131268,0.07941248,-0.043982297,3,gyro
6.38E+13,-0.07696902,0.09773844,-0.058643065,3,gyro
6.38E+13,-0.087964594,0.11728613,-0.065973446,3,gyro
6.38E+13,-0.095294975,0.13194689,-0.073303826,3,gyro
6.38E+13,-0.10873401,0.13194689,-0.07574729,3,gyro
6.38E+13,-0.10262536,0.1282817,-0.061086524,3,gyro
6.38E+13,-0.07941248,0.12583824,-0.036651913,3,gyro
6.38E+13,-0.056199603,0.119729586,-0.018325957,3,gyro
6.38E+13,-0.05131268,0.11728613,-0.017104227,3,gyro
6.38E+13,-0.052534413,0.11362094,-0.030543262,3,gyro
6.38E+13,-0.052534413,0.10995574,-0.037873644,3,gyro
6.38E+13,-0.04642576,0.10995574,-0.040317107,3,gyro
6.38E+13,-0.043982297,0.112399206,-0.04642576,3,gyro
6.38E+13,-0.040317107,0.11728613,-0.057421334,3,gyro
6.38E+13,-0.032986723,0.11728613,-0.061086524,3,gyro
6.38E+13,-0.014660766,0.11362094,-0.056199603,3,gyro
6.38E+13,0.001221731,0.111177474,-0.04642576,3,gyro
6.38E+13,0.010995574,0.111177474,-0.043982297,3,gyro
6.38E+13,0.009773844,0.10262536,-0.037873644,3,gyro
6.38E+13,-0.002443461,0.09285152,-0.030543262,3,gyro
6.38E+13,-0.019547688,0.087964594,-0.02687807,3,gyro
6.38E+13,-0.037873644,0.089186326,-0.035430185,3,gyro
6.38E+13,-0.04886922,0.09162979,-0.04886922,3,gyro
6.38E+13,-0.04520403,0.09407325,-0.05375614,3,gyro
6.38E+13,-0.036651913,0.09162979,-0.04886922,3,gyro
6.38E+13,-0.029321533,0.09285152,-0.047647487,3,gyro
6.38E+13,-0.035430185,0.09407325,-0.05497787,3,gyro
6.38E+13,-0.052534413,0.09040806,-0.06352998,3,gyro
6.38E+13,-0.073303826,0.08307768,-0.062308256,3,gyro
6.38E+13,-0.08307768,0.081855945,-0.052534413,3,gyro
6.38E+13,-0.07941248,0.087964594,-0.052534413,3,gyro
6.38E+13,-0.06719518,0.103847094,-0.06719518,3,gyro
6.38E+13,-0.05009095,0.12339478,-0.07452556,3,gyro
6.38E+13,-0.039095376,0.14294247,-0.073303826,3,gyro
6.38E+13,-0.019547688,0.1600467,-0.08307768,3,gyro
6.38E+13,0.003665192,0.17837265,-0.09285152,3,gyro
6.38E+13,0.02076942,0.1881465,-0.081855945,3,gyro
6.38E+13,0,0.19547687,-0.058643065,3,gyro
6.38E+13,-0.042760566,0.19914207,-0.059864793,3,gyro
6.38E+13,-0.07086037,0.21502456,-0.08307768,3,gyro
6.38E+13,-0.07574729,0.2321288,-0.10751228,3,gyro
6.38E+13,-0.081855945,0.2602286,-0.12217305,3,gyro
6.38E+13,-0.10262536,0.28588495,-0.13439035,3,gyro
6.38E+13,-0.080634214,0.2968805,-0.1600467,3,gyro
6.38E+13,-0.05375614,0.30665436,-0.14049901,3,gyro
6.38E+13,-0.04153884,0.30787608,-0.11484267,3,gyro
6.38E+13,-0.064751714,0.31520647,-0.09407325,3,gyro
6.38E+13,-0.10140363,0.30909783,-0.089186326,3,gyro
6.38E+13,-0.1441642,0.31642818,-0.119729586,3,gyro
6.38E+13,-0.19058995,0.3213151,-0.14782938,3,gyro
6.38E+13,-0.20647246,0.31887165,-0.16249016,3,gyro
6.38E+13,-0.20158553,0.32620203,-0.16249016,3,gyro
6.38E+13,-0.15515977,0.34208453,-0.18325958,3,gyro
6.38E+13,-0.10751228,0.3640757,-0.2003638,3,gyro
6.38E+13,-0.08674286,0.36774087,-0.18203785,3,gyro
6.38E+13,-0.07819075,0.344528,-0.17837265,3,gyro
6.38E+13,-0.09896017,0.30909783,-0.2125811,3,gyro
6.38E+13,-0.13927728,0.2687807,-0.24556783,3,gyro
6.38E+13,-0.16493362,0.22357668,-0.26267207,3,gyro
6.38E+13,-0.18325958,0.1685988,-0.2602286,3,gyro
6.38E+13,-0.18203785,0.12095132,-0.25534168,3,gyro
6.38E+13,-0.13316862,0.09162979,-0.25534168,3,gyro
6.38E+13,-0.034208454,0.04886922,-0.26145032,3,gyro
6.38E+13,0.10262536,-0.02443461,-0.25411993,3,gyro
6.38E+13,0.19425514,-0.15515977,-0.19181168,3,gyro
6.38E+13,0.08674286,-0.32742378,-0.1001819,3,gyro
6.38E+13,-0.17104226,-0.43860126,-0.15027285,3,gyro
6.38E+13,-0.2284636,-0.4642576,-0.39706242,3,gyro
6.38E+13,-0.11362094,-0.4569272,-0.46792278,3,gyro
6.38E+13,0.056199603,-0.4813618,-0.38973203,3,gyro
6.38E+13,0.17104226,-0.5412266,-0.36285394,3,gyro
6.38E+13,0.22113322,-0.6010914,-0.41783184,3,gyro
6.38E+13,0.25167647,-0.66828656,-0.5009095,3,gyro
6.38E+13,0.25900686,-0.77457714,-0.5571091,3,gyro
6.38E+13,0.23823744,-0.893085,-0.5534439,3,gyro
6.38E+13,0.19425514,-1.0299188,-0.45814893,3,gyro
6.38E+13,0.12705997,-1.1765264,-0.3213151,3,gyro
6.38E+13,0.10262536,-1.269378,-0.2883284,3,gyro
6.38E+13,0.14172074,-1.3035865,-0.31887165,3,gyro
6.38E+13,0.25045475,-1.3414601,-0.38362336,3,gyro
6.38E+13,0.36285394,-1.423316,-0.4447099,3,gyro
6.38E+13,0.4202753,-1.5430456,-0.45570546,3,gyro
6.38E+13,0.45937067,-1.6664404,-0.4447099,3,gyro
6.38E+13,0.55955255,-1.7654005,-0.45570546,3,gyro
6.38E+13,0.6646214,-1.7983873,-0.5290093,3,gyro
6.38E+13,0.59131753,-1.7763962,-0.6927212,3,gyro
6.38E+13,0.35796702,-1.7922786,-0.9236283,3,gyro
6.38E+13,0.15027285,-1.8484782,-1.1252137,3,gyro
6.38E+13,0.062308256,-1.8985692,-1.3402383,3,gyro
6.38E+13,0.09407325,-1.9462167,-1.5552629,3,gyro
6.38E+13,0.28344148,-2.01219,-1.5699236,3,gyro
6.38E+13,0.6169739,-2.1111503,-1.4501941,3,gyro
6.38E+13,0.9859365,-2.2321017,-1.3439035,3,gyro
6.38E+13,1.3023647,-2.3383923,-1.269378,3,gyro
6.38E+13,1.5589281,-2.4153612,-1.1948525,3,gyro
6.38E+13,1.7996091,-2.4153612,-1.1386528,3,gyro
6.38E+13,2.0390682,-2.3225098,-1.1398746,3,gyro
6.38E+13,2.0744984,-2.2455406,-1.1630874,3,gyro
6.38E+13,1.9755383,-2.1820107,-1.0433578,3,gyro
6.38E+13,1.9511036,-2.1612413,-0.75625116,3,gyro
6.38E+13,1.8106046,-2.1661282,-0.48258355,3,gyro
6.38E+13,1.46852,-2.1380284,-0.38728857,3,gyro
6.38E+13,1.0323622,-2.1099286,-0.45081854,3,gyro
6.38E+13,0.5839872,-2.098933,-0.6291912,3,gyro
6.38E+13,0.1282817,-2.067168,-0.86620694,3,gyro
6.38E+13,-0.22357668,-2.0134118,-1.1533136,3,gyro
6.38E+13,-0.37995818,-1.9388863,-1.4538593,3,gyro
6.38E+13,-0.3408628,-1.8423696,-1.7531832,3,gyro
6.38E+13,-0.23579398,-1.6175711,-2.0341814,3,gyro
6.38E+13,-0.095294975,-1.3402383,-2.2809708,3,gyro
6.38E+13,-0.02321288,-1.1472049,-2.5057693,3,gyro
6.38E+13,-0.13316862,-1.001819,-2.7293458,3,gyro
6.38E+13,-0.25167647,-0.9969321,-2.7843237,3,gyro
6.38E+13,-0.2565634,-1.0421361,-2.597399,3,gyro
6.38E+13,-0.204029,-1.0665708,-2.3139575,3,gyro
6.38E+13,-0.18936823,-1.0079277,-2.1184807,3,gyro
6.38E+13,-0.3323107,-0.8210029,-2.1539109,3,gyro
6.38E+13,-0.829555,-0.6377433,-2.4043655,3,gyro
6.38E+13,-1.7837266,-0.44959682,-2.8307495,3,gyro
6.38E+13,-2.6816983,-0.20158553,-3.241251,3,gyro
6.38E+13,-3.3622024,-0.15271631,-2.7684412,3,gyro
6.38E+13,-4.1441097,-0.39584067,-1.568702,3,gyro
6.38E+13,-4.8905873,-0.52778757,-0.816116,3,gyro
6.38E+13,-5.032308,-0.21013765,-0.95539325,3,gyro
6.38E+13,-4.5631633,0.40683624,-1.7690657,3,gyro
6.38E+13,-3.7299433,0.8393288,-2.5729644,3,gyro
6.38E+13,-3.948633,0.23945917,-1.7983873,3,gyro
6.38E+13,-4.1905355,-0.13072516,-1.9669861,3,gyro
6.38E+13,-2.1978931,0.50823987,-3.7238345,3,gyro
6.38E+13,0.0842994,0.79412484,-3.9767327,3,gyro
6.38E+13,1.7702875,0.6291912,-3.1422908,3,gyro
6.38E+13,2.7403414,0.2565634,-2.438574,3,gyro
6.38E+13,2.5411994,-0.39950588,-2.0463986,3,gyro
6.38E+13,1.9058995,-1.1801916,-1.6346754,3,gyro
6.38E+13,0.89552844,-1.9315559,-1.0922271,3,gyro
6.38E+13,-1.0372492,-2.8527408,-0.65484756,3,gyro
6.38E+13,-2.2821925,-2.919936,-1.7751744,3,gyro
6.38E+13,-2.7708848,-1.6468927,-3.7421606,3,gyro
6.38E+13,-9.2814865,-1.3622295,-1.5980235,3,gyro
6.38E+13,-17.026035,-3.86189,6.6425486,3,gyro
6.38E+13,-11.236256,-4.59615,5.4244833,3,gyro
6.38E+13,-9.527055,-6.301686,1.0567969,3,gyro
6.38E+13,-7.5820594,-2.8454103,1.7324139,3,gyro
6.38E+13,-10.61806,-2.0696115,-4.5301766,3,gyro
6.38E+13,-9.772622,-1.4856243,-3.2632422,3,gyro
6.38E+13,-4.787962,0.22602014,-1.6884315,3,gyro
6.38E+13,0.3652974,-0.3726278,-2.3261747,3,gyro
6.38E+13,3.8191295,-2.334727,-3.9547415,3,gyro
6.38E+13,5.6333995,-3.1349604,-4.785518,3,gyro
6.38E+13,4.5937066,-2.928488,-2.4691174,3,gyro
6.38E+13,1.9254472,-0.7098254,0.5900958,3,gyro
6.38E+13,-0.24678956,1.4636332,-0.062308256,3,gyro
6.38E+13,-1.5870279,1.9474384,-1.2449434,3,gyro
6.38E+13,-1.6786577,1.4086553,-0.9236283,3,gyro
6.38E+13,0.07941248,0.12705997,0.061086524,3,gyro
6.38E+13,2.0402899,0.37140608,-0.20769419,3,gyro
6.38E+13,4.4874163,1.5870279,0.9053023,3,gyro
6.38E+13,5.765346,3.0225613,-0.51068336,3,gyro
6.38E+13,5.0335298,2.7281241,-2.8087585,3,gyro
6.38E+13,4.980995,1.6297885,-4.517959,3,gyro
6.38E+13,7.1898837,0.6963864,-3.681074,3,gyro
6.38E+13,7.8520617,0.52778757,-0.09285152,3,gyro
6.38E+13,7.4281216,0.17348573,0.5363397,3,gyro
6.38E+13,6.074444,0.25289822,-0.45204028,3,gyro
6.38E+13,2.52043,0.5119051,0.073303826,3,gyro
6.38E+13,-1.4905112,-0.874759,0.52290064,3,gyro
6.38E+13,-3.7739255,-2.2406538,0.44593164,3,gyro
6.38E+13,-4.59615,-2.098933,1.5711454,3,gyro
6.38E+13,-4.4263296,-1.3426818,2.5912905,3,gyro
6.38E+13,-3.3011158,-1.3793337,1.4330899,3,gyro
6.38E+13,-1.0360274,-1.9230038,-0.064751714,3,gyro
6.38E+13,0.36896262,-2.0647244,0.77579886,3,gyro
6.38E+13,0.39461896,-1.7629571,1.0299188,3,gyro
6.38E+13,0.13072516,-1.2986995,0.93218035,3,gyro
6.38E+13,-0.6609562,-1.3255776,1.8020525,3,gyro
6.38E+13,-2.2504275,-1.4147639,2.0769417,3,gyro
6.38E+13,-3.8875463,-1.2718215,1.9352211,3,gyro
6.38E+13,-4.691445,-1.0506883,2.1270328,3,gyro
6.38E+13,-4.691445,-1.0506883,2.1270328,3,gyro
6.38E+13,-4.651128,-0.61575216,2.4007003,3,gyro
6.38E+13,-4.0048327,0.034208454,2.538756,3,gyro
6.38E+13,-3.0934217,0.6072,2.5265386,3,gyro
6.38E+13,-2.4239132,0.97494096,2.406809,3,gyro
6.38E+13,-3.0017917,0.6072,1.5894713,3,gyro
6.38E+13,-4.451986,0.103847094,0.97005403,3,gyro
6.38E+13,-4.189314,-0.9981538,1.9840903,3,gyro
6.38E+13,-4.189314,-0.9981538,1.9840903,3,gyro
6.38E+13,-3.1874948,-0.88697636,2.2638667,3,gyro
6.38E+13,-2.0231857,-0.35308012,2.1991148,3,gyro
6.38E+13,-0.9334021,0.16982053,1.8399261,3,gyro
6.38E+13,0.009773844,0.55833083,1.4465289,3,gyro
6.38E+13,0.7452556,0.82711154,1.110553,3,gyro
6.38E+13,1.0604621,0.97127575,0.80756384,3,gyro
6.38E+13,1.0519099,0.9297369,0.4801401,3,gyro
6.38E+13,0.7684685,0.7305948,0.36896262,3,gyro
6.38E+13,-0.3567453,0.35430184,0.45814893,3,gyro
6.38E+13,-0.3567453,0.35430184,0.45814893,3,gyro
6.38E+13,-0.816116,0.13805555,0.3848451,3,gyro
6.38E+13,-0.86254174,0.087964594,0.19303341,3,gyro
6.38E+13,-0.3200934,0.26511553,-0.11484267,3,gyro
6.38E+13,0.3726278,0.30298916,-0.07941248,3,gyro
6.38E+13,0.8564331,0.2968805,0.081855945,3,gyro
6.38E+13,1.0372492,0.26267207,0.15760323,3,gyro
6.38E+13,0.9224065,0.14538592,0.18325958,3,gyro
6.38E+13,0.63163465,0.058643065,0.12583824,3,gyro
6.38E+13,0.36896262,0.081855945,-0.007330383,3,gyro
6.38E+13,0.2724459,0.12217305,-0.064751714,3,gyro
6.38E+13,0.35918877,0.14538592,-0.04520403,3,gyro
6.38E+13,0.50946164,0.18448131,-0.030543262,3,gyro
6.38E+13,0.6768387,0.22724187,-0.012217305,3,gyro
6.38E+13,0.84299403,0.17959438,0.018325957,3,gyro
6.38E+13,0.90408057,0.14905111,0.018325957,3,gyro
6.38E+13,0.8332202,0.18448131,-0.013439035,3,gyro
6.38E+13,0.7318166,0.18203785,-0.06352998,3,gyro
6.38E+13,0.63285637,0.08552113,-0.096516706,3,gyro
6.38E+13,0.5021312,-0.02443461,-0.1160644,3,gyro
6.38E+13,0.32986724,-0.10873401,-0.12583824,3,gyro
6.38E+13,0.16249016,-0.15882497,-0.10629055,3,gyro
6.38E+13,0.08552113,-0.172264,-0.09162979,3,gyro
6.38E+13,0.14782938,-0.21380283,-0.07452556,3,gyro
6.38E+13,0.33475417,-0.25778514,-0.018325957,3,gyro
6.38E+13,0.54244834,-0.25900686,0.04520403,3,gyro
6.38E+13,0.5888741,-0.17348573,0.04642576,3,gyro
6.38E+13,0.4447099,-0.032986723,-0.036651913,3,gyro
6.38E+13,0.25778514,0.059864793,-0.07574729,3,gyro
6.38E+13,0.16493362,0.08307768,-0.058643065,3,gyro
6.38E+13,0.21013765,0.07452556,-0.02687807,3,gyro
6.38E+13,0.38973203,0.04886922,0.03176499,3,gyro
6.38E+13,0.61941737,0.021991149,0.10751228,3,gyro
6.38E+13,0.75869465,-0.02076942,0.17348573,3,gyro
6.38E+13,0.7244862,-0.036651913,0.16982053,3,gyro
6.38E+13,0.56688297,0.003665192,0.12461651,3,gyro
6.38E+13,0.34697145,0.02321288,0.1160644,3,gyro
6.38E+13,0.17348573,-0.002443461,0.13316862,3,gyro
6.38E+13,0.09162979,-0.04642576,0.16371189,3,gyro
6.38E+13,0.040317107,-0.0720821,0.18081611,3,gyro
6.38E+13,-0.02687807,-0.0842994,0.17837265,3,gyro
6.38E+13,-0.087964594,-0.10140363,0.17470746,3,gyro
6.38E+13,-0.119729586,-0.10629055,0.17837265,3,gyro
6.38E+13,-0.095294975,-0.11362094,0.19181168,3,gyro
6.38E+13,-0.040317107,-0.12095132,0.19425514,3,gyro
6.38E+13,-0.014660766,-0.12705997,0.1685988,3,gyro
6.38E+13,-0.042760566,-0.13439035,0.13316862,3,gyro
6.38E+13,-0.10140363,-0.14172074,0.11484267,3,gyro
6.38E+13,-0.18692477,-0.14782938,0.12217305,3,gyro
6.38E+13,-0.3042109,-0.14905111,0.1160644,3,gyro
6.38E+13,-0.41538838,-0.12461651,0.0842994,3,gyro
6.38E+13,-0.4166101,-0.095294975,0.0720821,3,gyro
6.38E+13,-0.25289822,-0.09040806,0.10140363,3,gyro
6.38E+13,-0.07452556,-0.08307768,0.1160644,3,gyro
6.38E+13,-0.02076942,-0.06719518,0.07696902,3,gyro
6.38E+13,-0.07452556,-0.056199603,0.034208454,3,gyro
6.38E+13,-0.12339478,-0.04886922,0.03176499,3,gyro
6.38E+13,-0.119729586,-0.043982297,0.040317107,3,gyro
6.38E+13,-0.08307768,-0.036651913,0.043982297,3,gyro
6.38E+13,-0.042760566,-0.028099801,0.040317107,3,gyro
6.38E+13,-0.021991149,-0.019547688,0.02076942,3,gyro
6.38E+13,-0.019547688,-0.009773844,0.003665192,3,gyro
6.38E+13,-0.032986723,-0.009773844,-0.001221731,3,gyro
6.38E+13,-0.05497787,-0.008552114,-0.006108652,3,gyro
6.38E+13,-0.07696902,-0.018325957,-0.013439035,3,gyro
6.38E+13,-0.12461651,-0.034208454,-0.02565634,3,gyro
6.38E+13,-0.19181168,-0.028099801,-0.039095376,3,gyro
6.38E+13,-0.19303341,-0.001221731,-0.015882496,3,gyro
6.38E+13,-0.06719518,0.003665192,0.047647487,3,gyro
6.38E+13,0.06719518,0.009773844,0.08307768,3,gyro
6.38E+13,0.11362094,0.014660766,0.07941248,3,gyro
6.38E+13,0.10262536,0.014660766,0.080634214,3,gyro
6.38E+13,0.062308256,0.009773844,0.08307768,3,gyro
6.38E+13,-0.002443461,0.002443461,0.07452556,3,gyro
6.38E+13,-0.05009095,-0.001221731,0.07696902,3,gyro
6.38E+13,-0.062308256,-0.010995574,0.0842994,3,gyro
6.38E+13,-0.06841691,-0.014660766,0.089186326,3,gyro
6.38E+13,-0.08307768,-0.014660766,0.095294975,3,gyro
6.38E+13,-0.08307768,-0.014660766,0.09773844,3,gyro
6.38E+13,-0.06719518,-0.014660766,0.09773844,3,gyro
6.38E+13,-0.05497787,-0.018325957,0.089186326,3,gyro
6.38E+13,-0.0720821,-0.028099801,0.07452556,3,gyro
6.38E+13,-0.1001819,-0.03176499,0.057421334,3,gyro
6.38E+13,-0.13561209,-0.036651913,0.040317107,3,gyro
6.38E+13,-0.16126843,-0.008552114,0.052534413,3,gyro
6.38E+13,-0.1441642,0,0.034208454,3,gyro
6.38E+13,-0.07819075,-0.018325957,0.05497787,3,gyro
6.38E+13,-0.003665192,-0.012217305,0.07696902,3,gyro
6.38E+13,0.014660766,-0.004886922,0.059864793,3,gyro
6.38E+13,-0.004886922,0.007330383,0.043982297,3,gyro
6.38E+13,-0.018325957,0.013439035,0.037873644,3,gyro
6.38E+13,-0.012217305,0.010995574,0.040317107,3,gyro
6.38E+13,0.001221731,0.013439035,0.032986723,3,gyro
6.38E+13,0.009773844,0.009773844,0.014660766,3,gyro
6.38E+13,0.012217305,0.009773844,0.003665192,3,gyro
6.38E+13,0.019547688,0.012217305,0.003665192,3,gyro
6.38E+13,0.035430185,0.014660766,0.007330383,3,gyro
6.38E+13,0.04520403,0.015882496,0.010995574,3,gyro
6.38E+13,0.035430185,0.013439035,0.007330383,3,gyro
6.38E+13,0.015882496,0.009773844,0,3,gyro
6.38E+13,-0.008552114,0.007330383,-0.006108652,3,gyro
6.38E+13,-0.032986723,0.001221731,-0.014660766,3,gyro
6.38E+13,-0.047647487,0,-0.017104227,3,gyro
6.38E+13,-0.028099801,0.003665192,0.001221731,3,gyro
6.38E+13,0.009773844,0.009773844,0.021991149,3,gyro
6.38E+13,0.02565634,0.007330383,0.02443461,3,gyro
6.38E+13,0.032986723,0.007330383,0.029321533,3,gyro
6.38E+13,0.034208454,0.007330383,0.03176499,3,gyro
6.38E+13,0.007330383,0.013439035,0.039095376,3,gyro
6.38E+13,-0.02687807,0.012217305,0.057421334,3,gyro
6.38E+13,-0.034208454,0.010995574,0.065973446,3,gyro
6.38E+13,-0.014660766,0.009773844,0.073303826,3,gyro
6.38E+13,0.004886922,0.010995574,0.07452556,3,gyro
6.38E+13,-0.008552114,0.010995574,0.06352998,3,gyro
6.38E+13,-0.028099801,-0.001221731,0.05009095,3,gyro
6.38E+13,-0.037873644,-0.010995574,0.04153884,3,gyro
6.38E+13,-0.032986723,-0.017104227,0.032986723,3,gyro
6.38E+13,-0.030543262,-0.019547688,0.021991149,3,gyro
6.38E+13,-0.035430185,-0.015882496,0.014660766,3,gyro
6.38E+13,-0.05131268,-0.004886922,0.019547688,3,gyro
6.38E+13,-0.06352998,0.010995574,0.032986723,3,gyro
6.38E+13,-0.04886922,0.012217305,0.040317107,3,gyro
6.38E+13,-0.015882496,0.002443461,0.04642576,3,gyro
6.38E+13,0.004886922,0.003665192,0.037873644,3,gyro
6.38E+13,0.002443461,0.003665192,0.02443461,3,gyro
6.38E+13,0.006108652,-0.001221731,0.018325957,3,gyro
6.38E+13,0.010995574,-0.003665192,0.021991149,3,gyro
6.38E+13,0.001221731,-0.001221731,0.02321288,3,gyro
6.38E+13,-0.004886922,0.003665192,0.017104227,3,gyro
6.38E+13,-0.003665192,0.007330383,0.014660766,3,gyro
6.38E+13,-0.006108652,0.006108652,0.007330383,3,gyro
6.38E+13,-0.006108652,0.003665192,-0.002443461,3,gyro
6.38E+13,0.008552114,0.001221731,-0.007330383,3,gyro
6.38E+13,0.028099801,0.003665192,-0.015882496,3,gyro
6.38E+13,0.037873644,0.007330383,-0.02443461,3,gyro
6.38E+13,0.037873644,0.003665192,-0.032986723,3,gyro
6.38E+13,0.02687807,0.004886922,-0.040317107,3,gyro
6.38E+13,0.021991149,0.007330383,-0.042760566,3,gyro
6.38E+13,0.018325957,0.012217305,-0.040317107,3,gyro
6.38E+13,0.021991149,0.014660766,-0.039095376,3,gyro
6.38E+13,0.032986723,0.018325957,-0.029321533,3,gyro
6.38E+13,0.057421334,0.015882496,-0.018325957,3,gyro
6.38E+13,0.06719518,0.018325957,-0.014660766,3,gyro
6.38E+13,0.064751714,0.014660766,-0.014660766,3,gyro
6.38E+13,0.043982297,0.009773844,-0.012217305,3,gyro
6.38E+13,0.019547688,0.002443461,-0.017104227,3,gyro
6.38E+13,0.002443461,-0.001221731,-0.02443461,3,gyro
6.38E+13,-0.006108652,-0.003665192,-0.029321533,3,gyro
6.38E+13,-0.006108652,-0.003665192,-0.02443461,3,gyro
6.38E+13,0.002443461,0.001221731,-0.014660766,3,gyro
6.38E+13,0.015882496,0.013439035,-0.006108652,3,gyro
6.38E+13,0.029321533,0.018325957,0.002443461,3,gyro
6.38E+13,0.039095376,0.017104227,0.008552114,3,gyro
6.38E+13,0.036651913,0.015882496,0.010995574,3,gyro
6.38E+13,0.02076942,0.007330383,0.007330383,3,gyro
6.38E+13,-0.007330383,-0.002443461,0.001221731,3,gyro
6.38E+13,-0.028099801,-0.007330383,-0.003665192,3,gyro
6.38E+13,-0.028099801,-0.009773844,0,3,gyro
6.38E+13,-0.021991149,-0.008552114,0.009773844,3,gyro
6.38E+13,-0.02321288,-0.002443461,0.012217305,3,gyro
6.38E+13,-0.018325957,0.003665192,0.012217305,3,gyro
6.38E+13,0,0.003665192,0.008552114,3,gyro
6.38E+13,0.009773844,0.001221731,-0.001221731,3,gyro
6.38E+13,0.004886922,-0.001221731,-0.013439035,3,gyro
6.38E+13,-0.003665192,0.001221731,-0.02076942,3,gyro
6.38E+13,-0.007330383,0.006108652,-0.02321288,3,gyro
6.38E+13,0.003665192,0.006108652,-0.02076942,3,gyro
6.38E+13,0.02076942,0.003665192,-0.019547688,3,gyro
6.38E+13,0.02565634,0.002443461,-0.021991149,3,gyro
6.38E+13,0.028099801,0.002443461,-0.02443461,3,gyro
6.38E+13,0.040317107,0.004886922,-0.02076942,3,gyro
6.38E+13,0.039095376,0.009773844,-0.018325957,3,gyro
6.38E+13,0.032986723,0.008552114,-0.021991149,3,gyro
6.38E+13,0.02687807,0.009773844,-0.02687807,3,gyro
6.38E+13,0.02321288,0.008552114,-0.034208454,3,gyro
6.38E+13,0.010995574,0.008552114,-0.037873644,3,gyro
6.38E+13,-0.008552114,0.004886922,-0.037873644,3,gyro
6.38E+13,-0.018325957,0.006108652,-0.030543262,3,gyro
6.38E+13,0.001221731,0.003665192,-0.015882496,3,gyro
6.38E+13,0.029321533,0.007330383,-0.006108652,3,gyro
6.38E+13,0.042760566,0.007330383,-0.004886922,3,gyro
6.38E+13,0.034208454,0.002443461,-0.009773844,3,gyro
6.38E+13,0.014660766,0,-0.015882496,3,gyro
6.38E+13,0.003665192,-0.001221731,-0.018325957,3,gyro
6.38E+13,-0.001221731,-0.003665192,-0.02076942,3,gyro
6.38E+13,-0.007330383,-0.004886922,-0.02443461,3,gyro
6.38E+13,-0.013439035,-0.004886922,-0.02565634,3,gyro
6.38E+13,-0.015882496,-0.001221731,-0.018325957,3,gyro
6.38E+13,-0.009773844,0.003665192,-0.004886922,3,gyro
6.38E+13,0.014660766,0.006108652,0.006108652,3,gyro
6.38E+13,0.028099801,0.002443461,0.010995574,3,gyro
6.38E+13,0.012217305,0,0.010995574,3,gyro
6.38E+13,-0.015882496,-0.003665192,0.013439035,3,gyro
6.38E+13,-0.032986723,-0.006108652,0.015882496,3,gyro
6.38E+13,-0.034208454,-0.007330383,0.018325957,3,gyro
6.38E+13,-0.035430185,-0.007330383,0.021991149,3,gyro
6.38E+13,-0.040317107,-0.003665192,0.028099801,3,gyro
6.38E+13,-0.02687807,0,0.04520403,3,gyro
6.38E+13,-0.002443461,-0.001221731,0.061086524,3,gyro
6.38E+13,0.006108652,0,0.064751714,3,gyro
6.38E+13,-0.009773844,0.002443461,0.062308256,3,gyro
6.38E+13,-0.02687807,0.001221731,0.058643065,3,gyro
6.38E+13,-0.03176499,0,0.05131268,3,gyro
6.38E+13,-0.03176499,0,0.037873644,3,gyro
6.38E+13,-0.034208454,-0.001221731,0.02076942,3,gyro
6.38E+13,-0.02687807,-0.003665192,0.009773844,3,gyro
6.38E+13,-0.008552114,0,0.008552114,3,gyro
6.38E+13,0.013439035,0.003665192,0.009773844,3,gyro
6.38E+13,0.029321533,0.002443461,0.009773844,3,gyro
6.38E+13,0.030543262,0,0.008552114,3,gyro
6.38E+13,0.021991149,0.002443461,0.007330383,3,gyro
6.38E+13,0.008552114,0.003665192,0.008552114,3,gyro
6.38E+13,0.002443461,0.003665192,0.006108652,3,gyro
6.38E+13,-0.002443461,0.006108652,0.002443461,3,gyro
6.38E+13,-0.001221731,0.003665192,0.002443461,3,gyro
6.38E+13,0.012217305,0.006108652,0.003665192,3,gyro
6.38E+13,0.030543262,0.010995574,0,3,gyro
6.38E+13,0.040317107,0.012217305,-0.004886922,3,gyro
6.38E+13,0.039095376,0.010995574,-0.008552114,3,gyro
6.38E+13,0.02687807,0.003665192,-0.008552114,3,gyro
6.38E+13,0.008552114,-0.002443461,-0.007330383,3,gyro
6.38E+13,-0.002443461,-0.007330383,-0.007330383,3,gyro
6.38E+13,-0.010995574,-0.010995574,-0.004886922,3,gyro
6.38E+13,-0.02565634,-0.010995574,-0.001221731,3,gyro
6.38E+13,-0.032986723,-0.004886922,0.004886922,3,gyro
6.38E+13,-0.019547688,0.002443461,0.017104227,3,gyro
6.38E+13,0.004886922,0.001221731,0.02687807,3,gyro
6.38E+13,0.010995574,-0.002443461,0.02565634,3,gyro
6.38E+13,-0.003665192,-0.006108652,0.02321288,3,gyro
6.38E+13,-0.012217305,-0.006108652,0.02687807,3,gyro
6.38E+13,-0.017104227,-0.004886922,0.029321533,3,gyro
6.38E+13,-0.019547688,-0.003665192,0.02443461,3,gyro
6.38E+13,-0.02565634,0,0.019547688,3,gyro
6.38E+13,-0.02565634,0.002443461,0.029321533,3,gyro
6.38E+13,-0.013439035,0.003665192,0.037873644,3,gyro
6.38E+13,-0.003665192,0.004886922,0.039095376,3,gyro
6.38E+13,-0.003665192,0.004886922,0.039095376,3,gyro
6.38E+13,0.003665192,0.006108652,0.039095376,3,gyro
6.38E+13,0.006108652,0.004886922,0.040317107,3,gyro
6.38E+13,-0.006108652,0,0.03176499,3,gyro
6.38E+13,-0.006108652,0,0.03176499,3,gyro
6.38E+13,-0.009773844,-0.002443461,0.028099801,3,gyro
6.38E+13,-0.013439035,-0.002443461,0.02076942,3,gyro
6.38E+13,-0.013439035,0,0.010995574,3,gyro
6.38E+13,-0.012217305,0.003665192,0.007330383,3,gyro
6.38E+13,0.001221731,0.008552114,0.009773844,3,gyro
6.38E+13,0.02565634,0.008552114,0.017104227,3,gyro
6.38E+13,0.029321533,0.006108652,0.013439035,3,gyro
6.38E+13,0.013439035,0.003665192,0,3,gyro
6.38E+13,0.007330383,-0.001221731,-0.008552114,3,gyro
6.38E+13,0.007330383,-0.001221731,-0.008552114,3,gyro
6.38E+13,0.001221731,-0.002443461,-0.012217305,3,gyro
6.38E+13,-0.009773844,-0.004886922,-0.013439035,3,gyro
6.38E+13,-0.015882496,-0.003665192,-0.007330383,3,gyro
6.38E+13,-0.014660766,-0.002443461,0.003665192,3,gyro
6.38E+13,-0.003665192,0.001221731,0.017104227,3,gyro
6.38E+13,0.008552114,0.002443461,0.02076942,3,gyro
6.38E+13,0.004886922,-0.001221731,0.019547688,3,gyro
6.38E+13,-0.010995574,-0.007330383,0.014660766,3,gyro
6.38E+13,-0.017104227,-0.008552114,0.012217305,3,gyro
6.38E+13,-0.008552114,-0.004886922,0.007330383,3,gyro
6.38E+13,-0.007330383,-0.001221731,0,3,gyro
6.38E+13,-0.013439035,0,-0.002443461,3,gyro
6.38E+13,-0.02076942,0.003665192,-0.001221731,3,gyro
6.38E+13,-0.008552114,0.003665192,0.009773844,3,gyro
6.38E+13,0.012217305,0.004886922,0.019547688,3,gyro
6.38E+13,0.018325957,0.004886922,0.015882496,3,gyro
6.38E+13,0.012217305,0.001221731,0.010995574,3,gyro
6.38E+13,0.001221731,-0.002443461,0.007330383,3,gyro
6.38E+13,-0.007330383,-0.004886922,0.006108652,3,gyro
6.38E+13,-0.015882496,-0.008552114,0.001221731,3,gyro
6.38E+13,-0.021991149,-0.007330383,-0.003665192,3,gyro
6.38E+13,-0.02443461,-0.004886922,-0.004886922,3,gyro
6.38E+13,-0.010995574,-0.002443461,0.003665192,3,gyro
6.38E+13,0.007330383,0,0.008552114,3,gyro
6.38E+13,0.014660766,0.003665192,0.006108652,3,gyro
6.38E+13,0.019547688,0.004886922,0.004886922,3,gyro
6.38E+13,0.02076942,0.004886922,0.004886922,3,gyro
6.38E+13,0.015882496,0.007330383,0,3,gyro
6.38E+13,0.007330383,0.003665192,-0.006108652,3,gyro
6.38E+13,0.002443461,0.004886922,-0.008552114,3,gyro
6.38E+13,0.001221731,0.004886922,-0.004886922,3,gyro
6.38E+13,0.001221731,0.003665192,-0.001221731,3,gyro
6.38E+13,0.004886922,0.001221731,0.003665192,3,gyro
6.38E+13,0.002443461,-0.001221731,0.003665192,3,gyro
6.38E+13,0,0.001221731,0.004886922,3,gyro
6.38E+13,0.003665192,0,0.003665192,3,gyro
6.38E+13,0.003665192,0.003665192,0.002443461,3,gyro
6.38E+13,0.008552114,0.003665192,-0.003665192,3,gyro
6.38E+13,0.010995574,0.007330383,-0.012217305,3,gyro
6.38E+13,0.013439035,0.008552114,-0.019547688,3,gyro
6.38E+13,0.012217305,0.007330383,-0.02687807,3,gyro
6.38E+13,0.009773844,0.006108652,-0.028099801,3,gyro
6.38E+13,0.02443461,0.002443461,-0.02321288,3,gyro
6.38E+13,0.034208454,0.001221731,-0.021991149,3,gyro
6.38E+13,0.02443461,0.004886922,-0.02565634,3,gyro
6.38E+13,0.015882496,0.006108652,-0.02443461,3,gyro
6.38E+13,0.013439035,0.006108652,-0.019547688,3,gyro
6.38E+13,0.015882496,0,-0.019547688,3,gyro
6.38E+13,0.007330383,0.004886922,-0.02321288,3,gyro
6.38E+13,0.012217305,0.007330383,-0.018325957,3,gyro
6.38E+13,0.019547688,0.007330383,-0.017104227,3,gyro
6.38E+13,0.017104227,0.010995574,-0.02565634,3,gyro
6.38E+13,0.019547688,0.012217305,-0.028099801,3,gyro
6.38E+13,0.037873644,0.012217305,-0.02565634,3,gyro
6.38E+13,0.04642576,0.012217305,-0.02565634,3,gyro
6.38E+13,0.030543262,0.008552114,-0.030543262,3,gyro
6.38E+13,0.004886922,0.001221731,-0.035430185,3,gyro
6.38E+13,-0.012217305,-0.004886922,-0.040317107,3,gyro
6.38E+13,-0.013439035,-0.007330383,-0.04153884,3,gyro
6.38E+13,-0.010995574,-0.004886922,-0.036651913,3,gyro
6.38E+13,-0.001221731,-0.007330383,-0.029321533,3,gyro
6.38E+13,0.001221731,-0.001221731,-0.02443461,3,gyro
6.38E+13,0.006108652,0.006108652,-0.014660766,3,gyro
6.38E+13,0.012217305,0.008552114,-0.004886922,3,gyro
6.38E+13,0.013439035,0.010995574,-0.006108652,3,gyro
6.38E+13,0.003665192,0.008552114,-0.010995574,3,gyro
6.38E+13,0,0.004886922,-0.010995574,3,gyro
6.38E+13,0,0.002443461,-0.012217305,3,gyro
6.38E+13,0.002443461,0.001221731,-0.012217305,3,gyro
6.38E+13,0.006108652,0.001221731,-0.009773844,3,gyro
6.38E+13,0.006108652,0.003665192,-0.006108652,3,gyro
6.38E+13,0.007330383,0.006108652,-0.004886922,3,gyro
6.38E+13,0.008552114,0.009773844,-0.002443461,3,gyro
6.38E+13,0.014660766,0.009773844,0,3,gyro
6.38E+13,0.018325957,0.007330383,0,3,gyro
6.38E+13,0.009773844,0.006108652,0.001221731,3,gyro
6.38E+13,0.002443461,0.004886922,0.003665192,3,gyro
6.38E+13,-0.001221731,0,0.006108652,3,gyro
6.38E+13,-0.008552114,-0.001221731,0.004886922,3,gyro
6.38E+13,-0.013439035,0,0,3,gyro
6.38E+13,-0.018325957,0,0.002443461,3,gyro
6.38E+13,-0.013439035,-0.002443461,0.004886922,3,gyro
6.38E+13,-0.012217305,0,-0.003665192,3,gyro
6.38E+13,-0.010995574,0,-0.009773844,3,gyro
6.38E+13,-0.008552114,0,-0.010995574,3,gyro
6.38E+13,-0.006108652,0,-0.012217305,3,gyro
6.38E+13,-0.003665192,0.001221731,-0.013439035,3,gyro
6.38E+13,0.001221731,-0.001221731,-0.013439035,3,gyro
6.38E+13,0,-0.002443461,-0.012217305,3,gyro
6.38E+13,0.004886922,0.001221731,-0.008552114,3,gyro
6.38E+13,0.013439035,0.009773844,-0.003665192,3,gyro
6.38E+13,0.02687807,0.012217305,0,3,gyro
6.38E+13,0.02443461,0.003665192,0,3,gyro
6.38E+13,0.008552114,0,0.004886922,3,gyro
6.38E+13,0.001221731,0,0.009773844,3,gyro
6.38E+13,0.002443461,0,0.018325957,3,gyro
6.38E+13,-0.004886922,-0.002443461,0.02321288,3,gyro
6.38E+13,-0.015882496,-0.003665192,0.02565634,3,gyro
6.38E+13,-0.02076942,0.001221731,0.02565634,3,gyro
6.38E+13,-0.014660766,0.006108652,0.02321288,3,gyro
6.38E+13,-0.008552114,0.007330383,0.021991149,3,gyro
6.38E+13,-0.006108652,0.003665192,0.018325957,3,gyro
6.38E+13,-0.012217305,-0.003665192,0.015882496,3,gyro
6.38E+13,-0.014660766,-0.007330383,0.021991149,3,gyro
6.38E+13,-0.007330383,-0.008552114,0.02565634,3,gyro
6.38E+13,-0.009773844,-0.004886922,0.02443461,3,gyro
6.38E+13,-0.010995574,-0.001221731,0.02565634,3,gyro
6.38E+13,-0.008552114,0,0.030543262,3,gyro
6.38E+13,-0.004886922,-0.001221731,0.028099801,3,gyro
6.38E+13,-0.007330383,0,0.02565634,3,gyro
6.38E+13,-0.009773844,-0.002443461,0.02443461,3,gyro
6.38E+13,-0.014660766,-0.001221731,0.02443461,3,gyro
6.38E+13,-0.012217305,-0.002443461,0.02443461,3,gyro
6.38E+13,-0.008552114,-0.002443461,0.02321288,3,gyro
6.38E+13,-0.004886922,-0.002443461,0.021991149,3,gyro
6.38E+13,-0.001221731,-0.004886922,0.02076942,3,gyro
6.38E+13,0.001221731,-0.006108652,0.013439035,3,gyro
6.38E+13,0,-0.004886922,0.013439035,3,gyro
6.38E+13,0,-0.003665192,0.013439035,3,gyro
6.38E+13,0,0,0.010995574,3,gyro
6.38E+13,0.008552114,0.002443461,0.010995574,3,gyro
6.38E+13,0.015882496,0.003665192,0.017104227,3,gyro
6.38E+13,0.014660766,0.001221731,0.021991149,3,gyro
6.38E+13,0.003665192,0.003665192,0.02443461,3,gyro
6.38E+13,0.004886922,0,0.029321533,3,gyro
6.38E+13,0.002443461,0.001221731,0.035430185,3,gyro
6.38E+13,-0.004886922,0.002443461,0.035430185,3,gyro
6.38E+13,-0.008552114,-0.001221731,0.034208454,3,gyro
6.38E+13,-0.013439035,-0.002443461,0.028099801,3,gyro
6.38E+13,-0.021991149,-0.003665192,0.021991149,3,gyro
6.38E+13,-0.02565634,-0.003665192,0.018325957,3,gyro
6.38E+13,-0.015882496,-0.006108652,0.02076942,3,gyro
6.38E+13,-0.007330383,-0.006108652,0.021991149,3,gyro
6.38E+13,-0.007330383,-0.007330383,0.015882496,3,gyro
6.38E+13,-0.007330383,-0.003665192,0.015882496,3,gyro
6.38E+13,-0.003665192,0,0.017104227,3,gyro
6.38E+13,-0.003665192,0.004886922,0.019547688,3,gyro
6.38E+13,-0.001221731,0.004886922,0.017104227,3,gyro
6.38E+13,-0.001221731,0,0.013439035,3,gyro
6.38E+13,-0.007330383,-0.007330383,0.012217305,3,gyro
6.38E+13,-0.010995574,-0.004886922,0.012217305,3,gyro
6.38E+13,-0.003665192,0,0.012217305,3,gyro
6.38E+13,0.002443461,0,0.007330383,3,gyro
6.38E+13,-0.006108652,-0.002443461,0.001221731,3,gyro
6.38E+13,-0.006108652,0,0.004886922,3,gyro
6.38E+13,0.010995574,0.004886922,0.006108652,3,gyro
6.38E+13,0.021991149,0.013439035,0,3,gyro
6.38E+13,0.02443461,0.012217305,-0.003665192,3,gyro
6.38E+13,0.013439035,0.008552114,-0.006108652,3,gyro
6.38E+13,0.006108652,0.002443461,-0.004886922,3,gyro
6.38E+13,0.006108652,0.001221731,-0.002443461,3,gyro
6.38E+13,0.007330383,-0.002443461,-0.002443461,3,gyro
6.38E+13,0.003665192,-0.004886922,-0.003665192,3,gyro
6.38E+13,-0.001221731,-0.004886922,-0.001221731,3,gyro
6.38E+13,-0.003665192,-0.002443461,0.001221731,3,gyro
6.38E+13,-0.006108652,-0.002443461,0.001221731,3,gyro
6.38E+13,-0.010995574,-0.001221731,0.001221731,3,gyro
6.38E+13,-0.012217305,-0.002443461,0.007330383,3,gyro
6.38E+13,-0.008552114,-0.001221731,0.012217305,3,gyro
6.38E+13,-0.003665192,0,0.013439035,3,gyro
6.38E+13,0,0.001221731,0.009773844,3,gyro
6.38E+13,0.001221731,0,0.012217305,3,gyro
6.38E+13,0.001221731,0,0.012217305,3,gyro
6.38E+13,0.002443461,0.001221731,0.010995574,3,gyro
6.38E+13,-0.001221731,0,0.010995574,3,gyro
6.38E+13,-0.006108652,-0.001221731,0.012217305,3,gyro
6.38E+13,-0.012217305,-0.001221731,0.014660766,3,gyro
6.38E+13,-0.017104227,0,0.02076942,3,gyro
6.38E+13,-0.021991149,-0.002443461,0.02565634,3,gyro
6.38E+13,-0.021991149,-0.002443461,0.030543262,3,gyro
6.38E+13,-0.018325957,-0.002443461,0.030543262,3,gyro
6.38E+13,-0.013439035,-0.003665192,0.030543262,3,gyro
6.38E+13,-0.008552114,-0.001221731,0.02565634,3,gyro
6.38E+13,0.002443461,0.006108652,0.018325957,3,gyro
6.38E+13,0.007330383,0.006108652,0.010995574,3,gyro
6.38E+13,0.006108652,0.004886922,0.004886922,3,gyro
6.38E+13,0.003665192,0.002443461,0,3,gyro
6.38E+13,0,0,-0.002443461,3,gyro
6.38E+13,-0.003665192,-0.002443461,-0.002443461,3,gyro
6.38E+13,-0.007330383,-0.006108652,-0.002443461,3,gyro
6.38E+13,-0.014660766,-0.007330383,-0.007330383,3,gyro
6.38E+13,-0.009773844,-0.004886922,-0.007330383,3,gyro
6.38E+13,0.002443461,-0.002443461,0.004886922,3,gyro
6.38E+13,0.013439035,0.002443461,0.009773844,3,gyro
6.38E+13,0.014660766,0.004886922,0.008552114,3,gyro
6.38E+13,0.010995574,0.003665192,0.008552114,3,gyro
6.38E+13,0.007330383,0,0.006108652,3,gyro
6.38E+13,0.008552114,0.001221731,0.003665192,3,gyro
6.38E+13,0.010995574,0.002443461,0.004886922,3,gyro
6.38E+13,0.008552114,0.001221731,0.003665192,3,gyro
6.38E+13,0.003665192,0.002443461,0.001221731,3,gyro
6.38E+13,0.014660766,0.004886922,0.001221731,3,gyro
6.38E+13,0.03176499,0.008552114,-0.001221731,3,gyro
6.38E+13,0.032986723,0.013439035,-0.009773844,3,gyro
6.38E+13,0.02321288,0.012217305,-0.018325957,3,gyro
6.38E+13,0.015882496,0.008552114,-0.021991149,3,gyro
6.38E+13,0.02076942,0.003665192,-0.021991149,3,gyro
6.38E+13,0.018325957,0,-0.02443461,3,gyro
6.38E+13,0.012217305,-0.002443461,-0.02565634,3,gyro
6.38E+13,0.010995574,0,-0.021991149,3,gyro
6.38E+13,0.014660766,0.002443461,-0.02076942,3,gyro
6.38E+13,0.017104227,0.007330383,-0.02076942,3,gyro
6.38E+13,0.018325957,0.007330383,-0.017104227,3,gyro
6.38E+13,0.014660766,0.007330383,-0.012217305,3,gyro
6.38E+13,0.006108652,0.006108652,-0.010995574,3,gyro
6.38E+13,-0.001221731,0.001221731,-0.010995574,3,gyro
6.38E+13,-0.004886922,-0.001221731,-0.012217305,3,gyro
6.38E+13,-0.002443461,-0.001221731,-0.013439035,3,gyro
6.38E+13,-0.002443461,-0.001221731,-0.013439035,3,gyro
6.38E+13,0.007330383,0.002443461,-0.008552114,3,gyro
6.38E+13,0.018325957,0.006108652,0,3,gyro
6.38E+13,0.018325957,0.009773844,0.001221731,3,gyro
6.38E+13,0.006108652,0.007330383,0,3,gyro
6.38E+13,0,0.007330383,0.001221731,3,gyro
6.38E+13,-0.004886922,0.006108652,0.002443461,3,gyro
6.38E+13,-0.017104227,0,-0.002443461,3,gyro
6.38E+13,-0.034208454,-0.006108652,-0.003665192,3,gyro
6.38E+13,-0.040317107,-0.007330383,-0.001221731,3,gyro
6.38E+13,-0.030543262,-0.004886922,0.001221731,3,gyro
6.38E+13,-0.012217305,-0.002443461,-0.003665192,3,gyro
6.38E+13,-0.001221731,0.001221731,-0.013439035,3,gyro
6.38E+13,0.002443461,0.003665192,-0.02321288,3,gyro
6.38E+13,0.006108652,0.004886922,-0.029321533,3,gyro
6.38E+13,0.012217305,0.004886922,-0.039095376,3,gyro
6.38E+13,0.014660766,0.002443461,-0.047647487,3,gyro
6.38E+13,0.013439035,0.002443461,-0.04886922,3,gyro
6.38E+13,0.009773844,0.006108652,-0.04153884,3,gyro
6.38E+13,0.017104227,0.007330383,-0.032986723,3,gyro
6.38E+13,0.014660766,0.007330383,-0.02443461,3,gyro
6.38E+13,-0.004886922,0.010995574,-0.021991149,3,gyro
6.38E+13,-0.004886922,0.010995574,-0.021991149,3,gyro
6.38E+13,-0.009773844,0.010995574,-0.03176499,3,gyro
6.38E+13,-0.009773844,0.010995574,-0.03176499,3,gyro
6.38E+13,-0.015882496,0.006108652,-0.03176499,3,gyro
6.38E+13,-0.029321533,-0.002443461,-0.028099801,3,gyro
6.38E+13,-0.032986723,-0.003665192,-0.02565634,3,gyro
6.38E+13,-0.035430185,-0.002443461,-0.02443461,3,gyro
6.38E+13,-0.04153884,-0.004886922,-0.02321288,3,gyro
6.38E+13,-0.021991149,0,-0.02443461,3,gyro
6.38E+13,-0.021991149,0,-0.02443461,3,gyro
6.38E+13,-0.004886922,0.008552114,-0.02687807,3,gyro
6.38E+13,-0.002443461,0.012217305,-0.036651913,3,gyro
6.38E+13,-0.009773844,0.019547688,-0.035430185,3,gyro
6.38E+13,-0.012217305,0.017104227,-0.029321533,3,gyro
6.38E+13,-0.008552114,0.013439035,-0.032986723,3,gyro
6.38E+13,-0.009773844,0.02076942,-0.034208454,3,gyro
6.38E+13,-0.009773844,0.02687807,-0.030543262,3,gyro
6.38E+13,0.002443461,0.03176499,-0.021991149,3,gyro
6.38E+13,0.021991149,0.04642576,-0.015882496,3,gyro
6.38E+13,0.040317107,0.056199603,-0.018325957,3,gyro
6.38E+13,0.037873644,0.058643065,-0.02076942,3,gyro
6.38E+13,-0.010995574,0.06352998,-0.02321288,3,gyro
6.38E+13,-0.05375614,0.065973446,-0.030543262,3,gyro
6.38E+13,-0.04153884,0.062308256,-0.047647487,3,gyro
6.38E+13,-0.018325957,0.056199603,-0.04642576,3,gyro
6.38E+13,-0.013439035,0.05009095,-0.030543262,3,gyro
6.38E+13,-0.021991149,0.04520403,-0.014660766,3,gyro
6.38E+13,-0.030543262,0.042760566,0.001221731,3,gyro
6.38E+13,-0.010995574,0.029321533,0.010995574,3,gyro
6.38E+13,0.018325957,0.02443461,0.002443461,3,gyro
6.38E+13,0.02321288,0.02076942,-0.02076942,3,gyro
6.38E+13,-0.012217305,0.004886922,-0.030543262,3,gyro
6.38E+13,-0.040317107,-0.008552114,-0.029321533,3,gyro
6.38E+13,-0.036651913,-0.009773844,-0.036651913,3,gyro
6.38E+13,-0.034208454,-0.012217305,-0.02565634,3,gyro
6.38E+13,-0.043982297,-0.013439035,-0.003665192,3,gyro
6.38E+13,-0.04520403,-0.010995574,0.003665192,3,gyro
6.38E+13,-0.030543262,-0.007330383,0.004886922,3,gyro
6.38E+13,-0.012217305,-0.008552114,0.008552114,3,gyro
6.38E+13,0.006108652,-0.014660766,0.003665192,3,gyro
6.38E+13,0.010995574,-0.012217305,-0.009773844,3,gyro
6.38E+13,0.006108652,-0.008552114,-0.015882496,3,gyro
6.38E+13,0.007330383,-0.008552114,-0.017104227,3,gyro
6.38E+13,0.008552114,-0.010995574,-0.021991149,3,gyro
6.38E+13,-0.002443461,-0.010995574,-0.02443461,3,gyro
6.38E+13,-0.019547688,-0.013439035,-0.029321533,3,gyro
6.38E+13,-0.030543262,-0.014660766,-0.037873644,3,gyro
6.38E+13,-0.039095376,-0.018325957,-0.040317107,3,gyro
6.38E+13,-0.039095376,-0.013439035,-0.032986723,3,gyro
6.38E+13,-0.014660766,-0.010995574,-0.029321533,3,gyro
6.38E+13,0.010995574,-0.012217305,-0.021991149,3,gyro
6.38E+13,0.013439035,-0.014660766,-0.017104227,3,gyro
6.38E+13,0.001221731,-0.02076942,-0.015882496,3,gyro
6.38E+13,0.001221731,-0.02443461,-0.008552114,3,gyro
6.38E+13,0.002443461,-0.02076942,0.001221731,3,gyro
6.38E+13,-0.019547688,-0.017104227,0.012217305,3,gyro
6.38E+13,-0.037873644,-0.019547688,0.018325957,3,gyro
6.38E+13,-0.056199603,-0.007330383,0.012217305,3,gyro
6.38E+13,-0.05497787,0.001221731,0.015882496,3,gyro
6.38E+13,-0.036651913,-0.002443461,0.021991149,3,gyro
6.38E+13,-0.03176499,-0.003665192,0.021991149,3,gyro
6.38E+13,-0.043982297,-0.008552114,0.034208454,3,gyro
6.38E+13,-0.05131268,-0.017104227,0.05497787,3,gyro
6.38E+13,-0.05497787,-0.018325957,0.061086524,3,gyro
6.38E+13,-0.06841691,-0.019547688,0.057421334,3,gyro
6.38E+13,-0.0720821,-0.02076942,0.052534413,3,gyro
6.38E+13,-0.06719518,-0.019547688,0.056199603,3,gyro
6.38E+13,-0.065973446,-0.02076942,0.06963864,3,gyro
6.38E+13,-0.062308256,-0.021991149,0.07086037,3,gyro
6.38E+13,-0.061086524,-0.015882496,0.06352998,3,gyro
6.38E+13,-0.04886922,-0.009773844,0.06963864,3,gyro
6.38E+13,-0.029321533,-0.010995574,0.07086037,3,gyro
6.38E+13,-0.02565634,-0.009773844,0.06352998,3,gyro
6.38E+13,-0.028099801,-0.006108652,0.06352998,3,gyro
6.38E+13,-0.02443461,-0.003665192,0.064751714,3,gyro
6.38E+13,-0.018325957,-0.003665192,0.06841691,3,gyro
6.38E+13,-0.008552114,-0.004886922,0.061086524,3,gyro
6.38E+13,0,-0.003665192,0.052534413,3,gyro
6.38E+13,0.006108652,-0.004886922,0.047647487,3,gyro
6.38E+13,0.003665192,-0.009773844,0.04520403,3,gyro
6.38E+13,0.001221731,-0.009773844,0.037873644,3,gyro
6.38E+13,-0.014660766,-0.014660766,0.035430185,3,gyro
6.38E+13,-0.030543262,-0.019547688,0.032986723,3,gyro
6.38E+13,-0.039095376,-0.02321288,0.037873644,3,gyro
6.38E+13,-0.043982297,-0.02443461,0.042760566,3,gyro
6.38E+13,-0.04886922,-0.02321288,0.043982297,3,gyro
6.38E+13,-0.047647487,-0.02076942,0.05009095,3,gyro
6.38E+13,-0.034208454,-0.019547688,0.05375614,3,gyro
6.38E+13,-0.012217305,-0.018325957,0.058643065,3,gyro
6.38E+13,-0.006108652,-0.018325957,0.05131268,3,gyro
6.38E+13,-0.021991149,-0.017104227,0.04520403,3,gyro
6.38E+13,-0.03176499,-0.015882496,0.040317107,3,gyro
6.38E+13,-0.036651913,-0.013439035,0.035430185,3,gyro
6.38E+13,-0.042760566,-0.008552114,0.02687807,3,gyro
6.38E+13,-0.043982297,-0.006108652,0.029321533,3,gyro
6.38E+13,-0.032986723,-0.006108652,0.037873644,3,gyro
6.38E+13,-0.030543262,-0.006108652,0.037873644,3,gyro
6.38E+13,-0.04520403,-0.008552114,0.032986723,3,gyro
6.38E+13,-0.052534413,-0.010995574,0.030543262,3,gyro
6.38E+13,-0.040317107,-0.013439035,0.029321533,3,gyro
6.38E+13,-0.029321533,-0.017104227,0.028099801,3,gyro
6.38E+13,-0.02687807,-0.02076942,0.02321288,3,gyro
6.38E+13,-0.028099801,-0.02076942,0.02076942,3,gyro
6.38E+13,-0.02321288,-0.014660766,0.02076942,3,gyro
6.38E+13,-0.013439035,-0.006108652,0.02321288,3,gyro
6.38E+13,0.002443461,0.008552114,0.009773844,3,gyro
6.38E+13,0.013439035,0.009773844,-0.003665192,3,gyro
6.38E+13,-0.008552114,0.001221731,0.002443461,3,gyro
6.38E+13,-0.009773844,-0.004886922,-0.002443461,3,gyro
6.38E+13,-0.006108652,-0.007330383,-0.001221731,3,gyro
6.38E+13,-0.006108652,-0.007330383,0.004886922,3,gyro
6.38E+13,-0.007330383,-0.006108652,0.006108652,3,gyro
6.38E+13,-0.004886922,-0.001221731,0.004886922,3,gyro
6.38E+13,0,0.002443461,0.004886922,3,gyro
6.38E+13,0,0.001221731,0.006108652,3,gyro
6.38E+13,-0.002443461,-0.001221731,0.004886922,3,gyro
6.38E+13,-0.004886922,-0.002443461,0.007330383,3,gyro
6.38E+13,-0.010995574,-0.006108652,0.007330383,3,gyro
6.38E+13,-0.014660766,-0.008552114,0.004886922,3,gyro
6.38E+13,-0.010995574,-0.006108652,0.003665192,3,gyro
6.38E+13,0.002443461,-0.004886922,0.010995574,3,gyro
6.38E+13,0.018325957,-0.002443461,0.015882496,3,gyro
6.38E+13,0.03176499,0.003665192,0.015882496,3,gyro
6.38E+13,0.03176499,0.008552114,0.015882496,3,gyro
6.38E+13,0.028099801,0.008552114,0.014660766,3,gyro
6.38E+13,0.029321533,0.007330383,0.017104227,3,gyro
6.38E+13,0.02321288,0.004886922,0.017104227,3,gyro
6.38E+13,0.004886922,0.002443461,0.013439035,3,gyro
6.38E+13,-0.007330383,-0.003665192,0.010995574,3,gyro
6.38E+13,-0.008552114,-0.006108652,0.012217305,3,gyro
6.38E+13,-0.004886922,-0.006108652,0.015882496,3,gyro
6.38E+13,-0.003665192,-0.003665192,0.015882496,3,gyro
6.38E+13,-0.003665192,0,0.014660766,3,gyro
6.38E+13,0.006108652,0.002443461,0.013439035,3,gyro
6.38E+13,0.015882496,0.003665192,0.017104227,3,gyro
6.38E+13,0.007330383,0.001221731,0.002443461,3,gyro
6.38E+13,0.003665192,-0.001221731,0.002443461,3,gyro
6.38E+13,-0.003665192,-0.001221731,0.002443461,3,gyro
6.38E+13,0,-0.001221731,0.006108652,3,gyro
6.38E+13,0.008552114,0,0.006108652,3,gyro
6.38E+13,0.009773844,0.001221731,-0.001221731,3,gyro
6.38E+13,0.007330383,0.003665192,-0.003665192,3,gyro
6.38E+13,0.008552114,0.004886922,-0.001221731,3,gyro
6.38E+13,0.008552114,-0.001221731,0,3,gyro
6.38E+13,0.008552114,-0.001221731,0,3,gyro
6.38E+13,0.009773844,-0.002443461,-0.002443461,3,gyro
6.38E+13,0.009773844,-0.002443461,-0.002443461,3,gyro
6.38E+13,0.013439035,-0.001221731,0.003665192,3,gyro
6.38E+13,0.003665192,0.001221731,0,3,gyro
6.38E+13,0.001221731,0.001221731,-0.002443461,3,gyro
6.38E+13,0.013439035,0.007330383,-0.004886922,3,gyro
6.38E+13,0.02321288,0.007330383,-0.008552114,3,gyro
6.38E+13,0.015882496,0.009773844,-0.02443461,3,gyro
6.38E+13,0.015882496,0.009773844,-0.02443461,3,gyro
6.38E+13,0.015882496,0.004886922,-0.02687807,3,gyro
6.38E+13,0.02565634,0.002443461,-0.03176499,3,gyro
6.38E+13,0.032986723,0.006108652,-0.035430185,3,gyro
6.38E+13,0.030543262,0.008552114,-0.03176499,3,gyro
6.38E+13,0.029321533,0.006108652,-0.030543262,3,gyro
6.38E+13,0.029321533,0.004886922,-0.030543262,3,gyro
6.38E+13,0.02687807,0.002443461,-0.028099801,3,gyro
6.38E+13,0.019547688,0.002443461,-0.021991149,3,gyro
6.38E+13,0.015882496,0.003665192,0.017104227,3,gyro
6.38E+13,0,-0.001221731,0.001221731,3,gyro
6.38E+13,-0.007330383,-0.001221731,0.006108652,3,gyro
6.38E+13,-0.003665192,-0.001221731,0.010995574,3,gyro
6.38E+13,0,0.003665192,0.007330383,3,gyro
6.38E+13,-0.001221731,0.006108652,0.002443461,3,gyro
6.38E+13,-0.001221731,0.003665192,0,3,gyro
6.38E+13,0.001221731,0.003665192,-0.002443461,3,gyro
6.38E+13,-0.002443461,0.002443461,-0.003665192,3,gyro
6.38E+13,-0.009773844,-0.001221731,-0.004886922,3,gyro
6.38E+13,-0.014660766,-0.003665192,-0.006108652,3,gyro
6.38E+13,-0.012217305,-0.002443461,-0.007330383,3,gyro
6.38E+13,0,-0.001221731,-0.004886922,3,gyro
6.38E+13,0.009773844,0.002443461,-0.006108652,3,gyro
6.38E+13,0.012217305,0.008552114,-0.013439035,3,gyro
6.38E+13,0.018325957,0.010995574,-0.021991149,3,gyro
6.38E+13,0.02443461,0.010995574,-0.028099801,3,gyro
6.38E+13,0.02443461,0.006108652,-0.032986723,3,gyro
6.38E+13,0.017104227,0.002443461,-0.036651913,3,gyro
6.38E+13,0.012217305,0.001221731,-0.039095376,3,gyro
6.38E+13,0.015882496,0.003665192,-0.036651913,3,gyro
6.38E+13,0.02076942,0.006108652,-0.032986723,3,gyro
6.38E+13,0.02076942,0.006108652,-0.030543262,3,gyro
6.38E+13,0.018325957,0.004886922,-0.02687807,3,gyro
6.38E+13,0.014660766,0.006108652,-0.02076942,3,gyro
6.38E+13,0.012217305,0.003665192,-0.012217305,3,gyro
6.38E+13,0.007330383,0.003665192,-0.010995574,3,gyro
6.38E+13,-0.007330383,0.006108652,0.035430185,3,gyro
6.38E+13,-0.080634214,0.043982297,0.86498517,3,gyro
6.38E+13,-0.04153884,-0.013439035,0.79779,3,gyro
6.38E+13,0.002443461,-0.21624629,0.7122689,3,gyro
6.38E+13,0.062308256,-0.3323107,0.5876524,3,gyro
6.38E+13,0.12583824,-0.3921755,0.5571091,3,gyro
6.38E+13,0.15515977,-0.36774087,0.61453044,3,gyro
6.38E+13,0.09896017,-0.3005457,0.68783426,3,gyro
6.38E+13,-0.02321288,-0.2406809,0.7733554,3,gyro
6.38E+13,-0.19425514,-0.20891592,0.84299403,3,gyro
6.38E+13,-0.29443705,-0.20280726,0.8539896,3,gyro
6.38E+13,-0.40439278,-0.22235495,0.8038987,3,gyro
6.38E+13,-0.45448375,-0.24190263,0.7623598,3,gyro
6.38E+13,-0.42271876,-0.21380283,0.784351,3,gyro
6.38E+13,-0.31764993,-0.13927728,0.88086766,3,gyro
6.38E+13,110,3,hrt,,
6.38E+13,110,-1,hrt,,
6.38E+13,110,-1,hrt,,
6.38E+13,110,-1,hrt,,
6.38E+13,110,-1,hrt,,
6.38E+13,110,-1,hrt,,
6.38E+13,110,-1,hrt,,
6.38E+13,118,3,hrt,,
6.38E+13,-16.8,12.24,-1.4399999,3,mgm
6.38E+13,-8.7,9.24,1.92,3,mgm
6.38E+13,-1.38,5.52,5.58,3,mgm
6.38E+13,7.3199997,2.7,9.3,3,mgm
6.38E+13,16.02,0.06,13.0199995,3,mgm
6.38E+13,16.14,0.17999999,12.599999,3,mgm
6.38E+13,16.74,0.42,12.24,3,mgm
6.38E+13,16.32,0.9,12.54,3,mgm
6.38E+13,16.56,1.14,12.54,3,mgm
6.38E+13,16.859999,1.3199999,12.96,3,mgm
6.38E+13,16.619999,1.5,12.599999,3,mgm
6.38E+13,17.4,1.38,12.36,3,mgm
6.38E+13,16.68,1.14,12.3,3,mgm
6.38E+13,15.78,0.84,12.059999,3,mgm
6.38E+13,15.78,0.84,12.3,3,mgm
6.38E+13,15.059999,0.42,12.12,3,mgm
6.38E+13,15.839999,0.59999996,12.12,3,mgm
6.38E+13,16.68,0.84,11.94,3,mgm
6.38E+13,16.5,0.42,11.94,3,mgm
6.38E+13,16.98,0.71999997,11.94,3,mgm
6.38E+13,16.859999,0.71999997,12.24,3,mgm
6.38E+13,16.5,0.71999997,12.24,3,mgm
6.38E+13,16.44,1.0799999,12.24,3,mgm
6.38E+13,15.9,1.0799999,12.42,3,mgm
6.38E+13,15.66,0.9,12.48,3,mgm
6.38E+13,15.54,0.78,12.42,3,mgm
6.38E+13,15.24,0.59999996,12.54,3,mgm
6.38E+13,15.66,0.53999996,12.78,3,mgm
6.38E+13,15.42,0.48,12.3,3,mgm
6.38E+13,15.839999,0.65999997,12.719999,3,mgm
6.38E+13,16.68,1.0799999,12.66,3,mgm
6.38E+13,16.92,0.84,11.58,3,mgm
6.38E+13,17.279999,1.26,12.059999,3,mgm
6.38E+13,16.859999,1.14,12.059999,3,mgm
6.38E+13,16.5,1.26,12.48,3,mgm
6.38E+13,16.02,1.68,13.32,3,mgm
6.38E+13,15.54,1.26,13.32,3,mgm
6.38E+13,15.78,1.1999999,13.2,3,mgm
6.38E+13,15.9,1.02,12.719999,3,mgm
6.38E+13,16.26,0.84,13.2,3,mgm
6.38E+13,16.5,1.14,13.44,3,mgm
6.38E+13,16.08,0.84,13.08,3,mgm
6.38E+13,15.48,0.53999996,13.139999,3,mgm
6.38E+13,15.839999,0.96,12.9,3,mgm
6.38E+13,15.66,0.78,12.599999,3,mgm
6.38E+13,15.96,1.4399999,12.84,3,mgm
6.38E+13,16.619999,1.92,13.259999,3,mgm
6.38E+13,15.719999,1.62,13.2,3,mgm
6.38E+13,16.02,1.86,13.139999,3,mgm
6.38E+13,16.08,1.68,12.84,3,mgm
6.38E+13,16.02,1.5,12.599999,3,mgm
6.38E+13,16.26,1.38,12.36,3,mgm
6.38E+13,16.44,1.14,12.66,3,mgm
6.38E+13,16.32,0.78,13.2,3,mgm
6.38E+13,16.199999,0.84,13.259999,3,mgm
6.38E+13,16.32,1.3199999,13.799999,3,mgm
6.38E+13,15.9,1.5,13.98,3,mgm
6.38E+13,16.38,2.22,13.98,3,mgm
6.38E+13,16.32,2.1599998,14.28,3,mgm
6.38E+13,16.02,1.68,13.559999,3,mgm
6.38E+13,16.02,1.74,13.08,3,mgm
6.38E+13,15.839999,1.5,13.139999,3,mgm
6.38E+13,15.96,1.86,12.599999,3,mgm
6.38E+13,16.32,2.34,13.38,3,mgm
6.38E+13,16.74,2.46,13.679999,3,mgm
6.38E+13,16.08,2.22,13.799999,3,mgm
6.38E+13,16.14,2.22,13.74,3,mgm
6.38E+13,15.9,2.04,13.2,3,mgm
6.38E+13,16.02,2.1599998,13.2,3,mgm
6.38E+13,16.38,2.46,12.78,3,mgm
6.38E+13,16.26,2.1599998,12.719999,3,mgm
6.38E+13,16.32,2.46,13.08,3,mgm
6.38E+13,16.38,2.34,12.96,3,mgm
6.38E+13,16.08,2.22,13.44,3,mgm
6.38E+13,16.14,2.46,13.559999,3,mgm
6.38E+13,16.619999,2.28,13.559999,3,mgm
6.38E+13,16.199999,2.1599998,13.44,3,mgm
6.38E+13,16.14,1.8,13.2,3,mgm
6.38E+13,15.839999,1.8,13.259999,3,mgm
6.38E+13,15.96,1.92,13.0199995,3,mgm
6.38E+13,15.96,2.1,12.9,3,mgm
6.38E+13,16.26,2.22,12.719999,3,mgm
6.38E+13,16.859999,2.22,12.66,3,mgm
6.38E+13,16.859999,1.86,12.54,3,mgm
6.38E+13,16.92,1.86,12.24,3,mgm
6.38E+13,17.279999,2.28,12.48,3,mgm
6.38E+13,16.74,1.92,12.3,3,mgm
6.38E+13,16.32,1.62,12.54,3,mgm
6.38E+13,16.14,1.26,12.66,3,mgm
6.38E+13,16.02,0.9,12.48,3,mgm
6.38E+13,16.32,1.14,12.78,3,mgm
6.38E+13,16.5,1.56,12.599999,3,mgm
6.38E+13,16.74,1.92,12.719999,3,mgm
6.38E+13,16.8,2.04,12.24,3,mgm
6.38E+13,16.32,1.74,12.3,3,mgm
6.38E+13,16.08,1.62,12.3,3,mgm
6.38E+13,15.839999,1.3199999,12.54,3,mgm
6.38E+13,15.719999,1.1999999,12.84,3,mgm
6.38E+13,15.719999,1.1999999,12.66,3,mgm
6.38E+13,15.599999,1.38,12.78,3,mgm
6.38E+13,15.36,1.68,12.599999,3,mgm
6.38E+13,15.54,1.92,12.48,3,mgm
6.38E+13,15.719999,2.1,12.66,3,mgm
6.38E+13,16.26,1.8,12.599999,3,mgm
6.38E+13,16.44,1.38,12.179999,3,mgm
6.38E+13,16.68,1.62,12.24,3,mgm
6.38E+13,16.92,1.62,12.179999,3,mgm
6.38E+13,16.74,1.56,12.059999,3,mgm
6.38E+13,16.44,1.4399999,12.42,3,mgm
6.38E+13,15.66,0.84,12.9,3,mgm
6.38E+13,15.48,0.9,12.66,3,mgm
6.38E+13,15.48,0.96,12.96,3,mgm
6.38E+13,16.14,1.62,13.259999,3,mgm
6.38E+13,16.38,1.8,12.96,3,mgm
6.38E+13,16.26,1.8,13.32,3,mgm
6.38E+13,16.02,1.86,13.259999,3,mgm
6.38E+13,15.66,1.38,12.84,3,mgm
6.38E+13,15.839999,1.4399999,12.599999,3,mgm
6.38E+13,16.5,1.74,12.48,3,mgm
6.38E+13,16.44,1.56,12.54,3,mgm
6.38E+13,16.08,1.5,12.599999,3,mgm
6.38E+13,15.719999,1.3199999,13.139999,3,mgm
6.38E+13,15.059999,0.84,13.0199995,3,mgm
6.38E+13,15.179999,1.02,12.84,3,mgm
6.38E+13,15.36,1.38,13.0199995,3,mgm
6.38E+13,16.14,1.74,12.719999,3,mgm
6.38E+13,16.26,1.9799999,12.9,3,mgm
6.38E+13,16.02,1.86,12.84,3,mgm
6.38E+13,16.199999,1.62,12.36,3,mgm
6.38E+13,15.719999,1.68,12.599999,3,mgm
6.38E+13,15.54,1.56,12.599999,3,mgm
6.38E+13,16.08,1.92,13.0199995,3,mgm
6.38E+13,15.66,1.92,13.62,3,mgm
6.38E+13,14.82,1.4399999,13.559999,3,mgm
6.38E+13,15.48,1.74,13.559999,3,mgm
6.38E+13,15.24,1.62,13.44,3,mgm
6.38E+13,15.54,1.38,13.2,3,mgm
6.38E+13,16.199999,1.5,13.259999,3,mgm
6.38E+13,15.96,1.38,13.32,3,mgm
6.38E+13,15.839999,1.68,13.62,3,mgm
6.38E+13,15.96,2.22,13.86,3,mgm
6.38E+13,15.9,2.3999999,13.799999,3,mgm
6.38E+13,15.9,2.58,13.98,3,mgm
6.38E+13,15.839999,2.52,14.04,3,mgm
6.38E+13,15.9,1.92,13.98,3,mgm
6.38E+13,16.02,1.9799999,13.98,3,mgm
6.38E+13,15.719999,1.56,13.559999,3,mgm
6.38E+13,15.66,1.3199999,13.44,3,mgm
6.38E+13,15.54,1.8,13.32,3,mgm
6.38E+13,15.42,1.68,13.44,3,mgm
6.38E+13,15.299999,1.92,13.679999,3,mgm
6.38E+13,15.179999,1.74,13.32,3,mgm
6.38E+13,15.299999,1.4399999,13.0199995,3,mgm
6.38E+13,14.88,1.56,12.719999,3,mgm
6.38E+13,15.179999,1.5,12.42,3,mgm
6.38E+13,15.48,1.74,12.48,3,mgm
6.38E+13,15.12,1.62,12.9,3,mgm
6.38E+13,15.719999,2.1,13.08,3,mgm
6.38E+13,15.179999,1.92,13.08,3,mgm
6.38E+13,15.299999,2.3999999,13.259999,3,mgm
6.38E+13,15.48,2.58,13.259999,3,mgm
6.38E+13,15.12,2.04,13.32,3,mgm
6.38E+13,15.78,2.6399999,13.2,3,mgm
6.38E+13,15.9,2.7,13.559999,3,mgm
6.38E+13,15.54,2.3999999,13.92,3,mgm
6.38E+13,15.24,2.34,13.98,3,mgm
6.38E+13,15.059999,2.1,14.58,3,mgm
6.38E+13,15.179999,1.86,14.34,3,mgm
6.38E+13,15.059999,1.92,14.4,3,mgm
6.38E+13,15.36,2.28,14.34,3,mgm
6.38E+13,15.059999,2.1599998,13.92,3,mgm
6.38E+13,14.7,1.8,13.86,3,mgm
6.38E+13,14.88,2.1599998,13.74,3,mgm
6.38E+13,14.58,1.74,13.86,3,mgm
6.38E+13,14.5199995,1.68,14.639999,3,mgm
6.38E+13,14.04,2.04,14.5199995,3,mgm
6.38E+13,14.759999,2.3999999,14.4,3,mgm
6.38E+13,14.639999,2.3999999,14.759999,3,mgm
6.38E+13,14.759999,2.46,14.5199995,3,mgm
6.38E+13,15.12,2.1599998,15.12,3,mgm
6.38E+13,14.58,1.9799999,14.759999,3,mgm
6.38E+13,14.88,2.34,15.059999,3,mgm
6.38E+13,14.88,2.3999999,15.12,3,mgm
6.38E+13,15.12,2.6399999,14.94,3,mgm
6.38E+13,15.059999,2.76,15.48,3,mgm
6.38E+13,15,2.82,14.82,3,mgm
6.38E+13,14.759999,2.82,15.24,3,mgm
6.38E+13,14.7,3.06,14.82,3,mgm
6.38E+13,14.639999,3.12,14.88,3,mgm
6.38E+13,14.759999,3.12,14.7,3,mgm
6.38E+13,15.059999,3.1799998,14.04,3,mgm
6.38E+13,14.7,3.4199998,14.16,3,mgm
6.38E+13,14.82,3.54,13.559999,3,mgm
6.38E+13,14.759999,3.72,13.139999,3,mgm
6.38E+13,14.88,4.08,12.78,3,mgm
6.38E+13,15.36,4.14,12.48,3,mgm
6.38E+13,15.599999,4.08,12.059999,3,mgm
6.38E+13,16.14,4.2,12.059999,3,mgm
6.38E+13,16.619999,4.44,11.639999,3,mgm
6.38E+13,17.039999,4.8599997,11.34,3,mgm
6.38E+13,17.22,5.3399997,10.86,3,mgm
6.38E+13,17.279999,5.4,10.679999,3,mgm
6.38E+13,17.34,5.8199997,10.559999,3,mgm
6.38E+13,16.859999,5.3399997,10.38,3,mgm
6.38E+13,17.4,5.64,10.08,3,mgm
6.38E+13,17.46,5.94,9.599999,3,mgm
6.38E+13,17.34,6.12,9.12,3,mgm
6.38E+13,17.699999,6.6,8.76,3,mgm
6.38E+13,17.46,6.6,8.58,3,mgm
6.38E+13,17.1,6.8999996,8.5199995,3,mgm
6.38E+13,16.5,6.7799997,8.22,3,mgm
6.38E+13,16.68,7.3199997,7.44,3,mgm
6.38E+13,16.859999,7.9199996,7.5,3,mgm
6.38E+13,16.92,8.099999,6.2999997,3,mgm
6.38E+13,17.52,8.5199995,5.04,3,mgm
6.38E+13,17.88,8.58,4.2,3,mgm
6.38E+13,18.18,8.94,3.06,3,mgm
6.38E+13,18.9,9.96,2.7,3,mgm
6.38E+13,18.96,10.2,2.28,3,mgm
6.38E+13,18.24,10.08,2.04,3,mgm
6.38E+13,17.82,9.84,1.26,3,mgm
6.38E+13,17.52,9.36,0.48,3,mgm
6.38E+13,17.94,9.78,0.17999999,3,mgm
6.38E+13,18.06,10.38,-0.24,3,mgm
6.38E+13,18.359999,10.86,-0.78,3,mgm
6.38E+13,18.42,11.28,-1.1999999,3,mgm
6.38E+13,17.52,11.58,-1.38,3,mgm
6.38E+13,17.279999,11.639999,-1.92,3,mgm
6.38E+13,17.039999,12.059999,-1.86,3,mgm
6.38E+13,16.32,12.42,-2.1599998,3,mgm
6.38E+13,16.38,12.719999,-2.82,3,mgm
6.38E+13,15.48,12.96,-3.24,3,mgm
6.38E+13,14.4,13.0199995,-3.78,3,mgm
6.38E+13,13.98,13.38,-3.9599998,3,mgm
6.38E+13,13.2,13.44,-4.62,3,mgm
6.38E+13,13.62,14.16,-5.4,3,mgm
6.38E+13,13.38,14.7,-5.46,3,mgm
6.38E+13,13.44,14.82,-5.8799996,3,mgm
6.38E+13,13.32,15.48,-5.4,3,mgm
6.38E+13,13.08,15.96,-4.3199997,3,mgm
6.38E+13,12.78,15.719999,-3.8999999,3,mgm
6.38E+13,12.48,16.199999,-2.9399998,3,mgm
6.38E+13,12.54,16.56,-2.34,3,mgm
6.38E+13,11.82,16.68,-2.1,3,mgm
6.38E+13,11.58,17.279999,-1.8,3,mgm
6.38E+13,10.559999,17.64,-1.14,3,mgm
6.38E+13,9.48,17.699999,-0.84,3,mgm
6.38E+13,9,18.18,-0.59999996,3,mgm
6.38E+13,8.34,19.02,-0.78,3,mgm
6.38E+13,8.46,19.74,-1.26,3,mgm
6.38E+13,7.8599997,20.46,-2.1,3,mgm
6.38E+13,7.68,20.88,-2.82,3,mgm
6.38E+13,7.08,21,-3.6,3,mgm
6.38E+13,6,20.64,-4.08,3,mgm
6.38E+13,5.16,20.46,-4.56,3,mgm
6.38E+13,3.78,20.279999,-4.8599997,3,mgm
6.38E+13,4.38,20.82,-3.9599998,3,mgm
6.38E+13,4.62,20.46,-3.24,3,mgm
6.38E+13,5.7,20.1,-0.9,3,mgm
6.38E+13,7.56,19.56,0.9,3,mgm
6.38E+13,7.44,18.3,2.7,3,mgm
6.38E+13,7.56,17.64,4.38,3,mgm
6.38E+13,7.14,16.92,6.12,3,mgm
6.38E+13,6.48,16.56,7.5,3,mgm
6.38E+13,5.52,15.96,8.5199995,3,mgm
6.38E+13,5.2799997,16.26,8.7,3,mgm
6.38E+13,5.4,16.8,7.3799996,3,mgm
6.38E+13,5.04,17.16,6.7799997,3,mgm
6.38E+13,5.3399997,17.58,5.8799996,3,mgm
6.38E+13,5.22,17.94,5.22,3,mgm
6.38E+13,4.92,18.06,5.52,3,mgm
6.38E+13,4.92,18.42,5.8199997,3,mgm
6.38E+13,4.56,18.6,5.8199997,3,mgm
6.38E+13,3.9599998,18.3,6.12,3,mgm
6.38E+13,3.48,18.48,5.8199997,3,mgm
6.38E+13,2.76,18.84,4.98,3,mgm
6.38E+13,1.86,19.199999,4.3199997,3,mgm
6.38E+13,1.8,19.98,3.3,3,mgm
6.38E+13,2.04,20.699999,2.1,3,mgm
6.38E+13,2.34,21.06,1.14,3,mgm
6.38E+13,2.6399999,21.48,-0.65999997,3,mgm
6.38E+13,2.8799999,21.539999,-2.04,3,mgm
6.38E+13,2.8799999,21.3,-2.46,3,mgm
6.38E+13,3.12,21,-3.6,3,mgm
6.38E+13,3.9599998,21.18,-3.06,3,mgm
6.38E+13,3.8999999,20.76,-1.9799999,3,mgm
6.38E+13,3.78,20.76,-1.5,3,mgm
6.38E+13,3.4199998,20.22,0,3,mgm
6.38E+13,2.7,19.439999,0.42,3,mgm
6.38E+13,2.76,19.32,0.29999998,3,mgm
6.38E+13,3.24,19.32,0.06,3,mgm
6.38E+13,3.3,19.56,-0.35999998,3,mgm
6.38E+13,4.2599998,20.039999,-0.35999998,3,mgm
6.38E+13,5.04,20.22,-0.59999996,3,mgm
6.38E+13,4.92,19.56,-0.42,3,mgm
6.38E+13,5.58,19.26,0.24,3,mgm
6.38E+13,5.7,18.66,0.71999997,3,mgm
6.38E+13,5.7,17.94,1.56,3,mgm
6.38E+13,6.18,17.88,2.76,3,mgm
6.38E+13,6.48,17.58,3.1799998,3,mgm
6.38E+13,6.6,17.22,4.2,3,mgm
6.38E+13,7.02,17.039999,5.04,3,mgm
6.38E+13,7.3799996,16.68,5.4,3,mgm
6.38E+13,7.9199996,16.14,6.06,3,mgm
6.38E+13,8.28,16.02,6.12,3,mgm
6.38E+13,8.28,15.48,6.24,3,mgm
6.38E+13,8.22,14.88,6.66,3,mgm
6.38E+13,7.98,14.5199995,7.02,3,mgm
6.38E+13,7.8599997,14.219999,7.3799996,3,mgm
6.38E+13,8.099999,14.34,7.8599997,3,mgm
6.38E+13,8.4,14.46,7.56,3,mgm
6.38E+13,8.46,14.7,7.3799996,3,mgm
6.38E+13,9.36,14.58,7.2,3,mgm
6.38E+13,9.54,14.639999,6.96,3,mgm
6.38E+13,9.84,14.759999,7.2,3,mgm
6.38E+13,9.719999,14.759999,7.44,3,mgm
6.38E+13,9.48,14.759999,7.3799996,3,mgm
6.38E+13,9.42,14.639999,7.44,3,mgm
6.38E+13,9.48,14.7,7.02,3,mgm
6.38E+13,9.96,15.059999,6.6,3,mgm
6.38E+13,10.08,15.48,6.72,3,mgm
6.38E+13,10.08,15.66,6.12,3,mgm
6.38E+13,9.719999,15.599999,5.8799996,3,mgm
6.38E+13,9.3,15.299999,5.7,3,mgm
6.38E+13,8.88,14.88,5.64,3,mgm
6.38E+13,8.7,14.759999,6.24,3,mgm
6.38E+13,9.059999,15.059999,6.66,3,mgm
6.38E+13,9.48,15.599999,6.7799997,3,mgm
6.38E+13,9.66,16.02,6.48,3,mgm
6.38E+13,9.78,16.26,6.12,3,mgm
6.38E+13,9.3,16.08,5.8199997,3,mgm
6.38E+13,8.94,15.719999,5.64,3,mgm
6.38E+13,8.7,15.24,5.94,3,mgm
6.38E+13,9.12,15.36,6.06,3,mgm
6.38E+13,9.059999,15,5.94,3,mgm
6.38E+13,9.24,15.24,6.06,3,mgm
6.38E+13,9.24,15.24,5.94,3,mgm
6.38E+13,9.059999,14.82,5.7599998,3,mgm
6.38E+13,9.24,15.24,5.7599998,3,mgm
6.38E+13,8.7,14.82,5.64,3,mgm
6.38E+13,9,15.179999,5.7599998,3,mgm
6.38E+13,8.46,15.299999,5.94,3,mgm
6.38E+13,8.5199995,15.24,5.52,3,mgm
6.38E+13,9.059999,15.42,5.8199997,3,mgm
6.38E+13,8.639999,15.599999,5.7,3,mgm
6.38E+13,8.4,15.42,5.52,3,mgm
6.38E+13,8.5199995,15.78,5.8199997,3,mgm
6.38E+13,8.22,15.96,5.52,3,mgm
6.38E+13,8.58,16.02,4.8599997,3,mgm
6.38E+13,9.059999,16.32,4.92,3,mgm
6.38E+13,8.94,16.08,4.92,3,mgm
6.38E+13,9,15.96,4.44,3,mgm
6.38E+13,9,15.839999,4.68,3,mgm
6.38E+13,9.24,16.08,4.56,3,mgm
6.38E+13,9,15.9,4.5,3,mgm
6.38E+13,9.36,16.02,5.16,3,mgm
6.38E+13,9.66,16.02,5.52,3,mgm
6.38E+13,9.84,16.14,5.4,3,mgm
6.38E+13,10.2,15.96,5.4,3,mgm
6.38E+13,10.139999,16.02,5.16,3,mgm
6.38E+13,10.08,16.14,5.04,3,mgm
6.38E+13,9.9,15.719999,5.64,3,mgm
6.38E+13,10.26,15.9,5.7,3,mgm
6.38E+13,9.719999,15.66,5.8199997,3,mgm
6.38E+13,10.139999,15.48,6.18,3,mgm
6.38E+13,9.96,15.599999,5.64,3,mgm
6.38E+13,9.66,15.9,5.8799996,3,mgm
6.38E+13,9.719999,15.839999,5.7599998,3,mgm
6.38E+13,9.48,15.96,5.52,3,mgm
6.38E+13,9.66,15.66,5.46,3,mgm
6.38E+13,9.42,15.299999,5.16,3,mgm
6.38E+13,9.12,15.12,5.46,3,mgm
6.38E+13,8.639999,14.5199995,5.4,3,mgm
6.38E+13,8.7,14.759999,4.68,3,mgm
6.38E+13,9,14.88,4.44,3,mgm
6.38E+13,9.599999,15.24,4.5,3,mgm
6.38E+13,9.599999,15.36,4.68,3,mgm
6.38E+13,9.179999,15.179999,5.3399997,3,mgm
6.38E+13,9.179999,15.24,5.22,3,mgm
6.38E+13,9.179999,15.179999,4.7999997,3,mgm
6.38E+13,9.24,15.12,4.14,3,mgm
6.38E+13,9.719999,15.42,4.56,3,mgm
6.38E+13,9.84,15.599999,4.7999997,3,mgm
6.38E+13,10.139999,15.66,4.7999997,3,mgm
6.38E+13,9.9,15.78,5.8199997,3,mgm
6.38E+13,9.599999,15.36,5.7,3,mgm
6.38E+13,9.36,14.7,6.06,3,mgm
6.38E+13,9.48,14.639999,6.6,3,mgm
6.38E+13,9.719999,14.88,6.24,3,mgm
6.38E+13,10.2,15.599999,6.12,3,mgm
6.38E+13,10.679999,16.5,6.06,3,mgm
6.38E+13,10.44,17.039999,5.94,3,mgm
6.38E+13,10.559999,16.5,5.52,3,mgm
6.38E+13,10.38,16.02,5.22,3,mgm
6.38E+13,10.139999,15.719999,5.22,3,mgm
6.38E+13,9.78,15.48,4.74,3,mgm
6.38E+13,10.0199995,16.14,4.98,3,mgm
6.38E+13,10.32,16.14,4.56,3,mgm
6.38E+13,10.5,16.14,4.2599998,3,mgm
6.38E+13,10.08,15.54,4.68,3,mgm
6.38E+13,9.719999,15.059999,4.68,3,mgm
6.38E+13,8.88,14.639999,5.4,3,mgm
6.38E+13,8.34,14.34,5.46,3,mgm
6.38E+13,9,15.12,4.92,3,mgm
6.38E+13,9.059999,15.299999,4.98,3,mgm
6.38E+13,9.9,15.9,4.7999997,3,mgm
6.38E+13,10.139999,15.9,4.56,3,mgm
6.38E+13,10.38,15.66,4.7999997,3,mgm
6.38E+13,10.8,15.599999,4.62,3,mgm
6.38E+13,10.5,15.42,4.8599997,3,mgm
6.38E+13,10.559999,15.48,4.5,3,mgm
6.38E+13,9.96,15.179999,4.5,3,mgm
6.38E+13,9.48,15.179999,4.56,3,mgm
6.38E+13,9.48,15.059999,3.78,3,mgm
6.38E+13,9.54,14.88,3.9599998,3,mgm
6.38E+13,9.78,14.82,3.4199998,3,mgm
6.38E+13,9.84,14.82,3.12,3,mgm
6.38E+13,10.32,14.94,4.08,3,mgm
6.38E+13,9.96,14.94,4.44,3,mgm
6.38E+13,9.96,15.48,4.7999997,3,mgm
6.38E+13,10.0199995,15.299999,4.62,3,mgm
6.38E+13,9.84,15.54,3.78,3,mgm
6.38E+13,10.2,15.66,3.78,3,mgm
6.38E+13,10.26,15.66,3.24,3,mgm
6.38E+13,9.9,15.719999,3.72,3,mgm
6.38E+13,9.719999,15.66,3.8999999,3,mgm
6.38E+13,9.54,15.36,4.2,3,mgm
6.38E+13,8.76,15.059999,4.8599997,3,mgm
6.38E+13,9.54,15.719999,4.8599997,3,mgm
6.38E+13,9.599999,15.78,4.56,3,mgm
6.38E+13,9.599999,15.96,4.08,3,mgm
6.38E+13,10.0199995,15.9,4.38,3,mgm
6.38E+13,9.719999,15.48,4.2,3,mgm
6.38E+13,9.42,15.66,4.7999997,3,mgm
6.38E+13,9.24,15.48,5.22,3,mgm
6.38E+13,9.42,15.48,5.04,3,mgm
6.38E+13,9.3,15.36,4.56,3,mgm
6.38E+13,9.66,15.12,4.44,3,mgm
6.38E+13,9.96,15.12,3.84,3,mgm
6.38E+13,10.139999,15.059999,3.8999999,3,mgm
6.38E+13,10.559999,15.179999,4.2599998,3,mgm
6.38E+13,10.38,15.36,4.38,3,mgm
6.38E+13,10.5,15.36,4.8599997,3,mgm
6.38E+13,10.26,15.66,4.98,3,mgm
6.38E+13,10.32,15.599999,4.8599997,3,mgm
6.38E+13,9.96,15.36,5.1,3,mgm
6.38E+13,9.84,15.36,5.2799997,3,mgm
6.38E+13,10.26,15.24,4.74,3,mgm
6.38E+13,9.9,15.24,4.8599997,3,mgm
6.38E+13,10.139999,15.059999,4.44,3,mgm
6.38E+13,10.2,15.12,4.2,3,mgm
6.38E+13,10.08,14.94,4.2,3,mgm
6.38E+13,9.84,14.88,4.2,3,mgm
6.38E+13,10.26,15,3.36,3,mgm
6.38E+13,10.38,15.12,3.36,3,mgm
6.38E+13,10.2,15.12,3.36,3,mgm
6.38E+13,10.5,15.24,3.6,3,mgm
6.38E+13,9.96,15.059999,4.2599998,3,mgm
6.38E+13,10.08,15.24,4.3199997,3,mgm
6.38E+13,10.5,15.66,4.38,3,mgm
6.38E+13,10.559999,15.42,4.08,3,mgm
6.38E+13,10.679999,15.54,4.02,3,mgm
6.38E+13,10.32,15.36,3.78,3,mgm
6.38E+13,9.84,15.299999,4.08,3,mgm
6.38E+13,9.78,15.42,4.38,3,mgm
6.38E+13,9.48,15.42,4.44,3,mgm
6.38E+13,9.599999,15.48,4.2,3,mgm
6.38E+13,9.78,15.179999,3.9599998,3,mgm
6.38E+13,9.42,15.179999,3.36,3,mgm
6.38E+13,9.66,15.299999,3.4199998,3,mgm
6.38E+13,9.599999,15.48,3.72,3,mgm
6.38E+13,9.599999,15.78,3.4199998,3,mgm
6.38E+13,10.139999,15.66,3.72,3,mgm
6.38E+13,9.719999,15.179999,3.9599998,3,mgm
6.38E+13,9.42,14.759999,3.9599998,3,mgm
6.38E+13,9.36,14.34,4.62,3,mgm
6.38E+13,9.12,14.16,4.56,3,mgm
6.38E+13,9.48,14.7,4.56,3,mgm
6.38E+13,9.719999,14.94,4.62,3,mgm
6.38E+13,9.719999,15,4.44,3,mgm
6.38E+13,9.42,15.059999,4.74,3,mgm
6.38E+13,9.24,14.94,4.5,3,mgm
6.38E+13,9.599999,14.759999,4.02,3,mgm
6.38E+13,10.139999,15.179999,4.02,3,mgm
6.38E+13,10.26,15.12,3.9599998,3,mgm
6.38E+13,10.44,14.94,4.02,3,mgm
6.38E+13,9.84,15.179999,4.56,3,mgm
6.38E+13,8.639999,14.58,4.38,3,mgm
6.38E+13,9,14.94,4.44,3,mgm
6.38E+13,8.639999,15,4.74,3,mgm
6.38E+13,9,15.179999,4.74,3,mgm
6.38E+13,9.48,15.54,4.92,3,mgm
6.38E+13,9.3,15.599999,4.68,3,mgm
6.38E+13,9.84,15.96,4.3199997,3,mgm
6.38E+13,9.84,15.66,3.84,3,mgm
6.38E+13,9.66,15.839999,3.54,3,mgm
6.38E+13,9.84,15.78,3.36,3,mgm
6.38E+13,9.599999,15.36,3.1799998,3,mgm
6.38E+13,9.96,15.719999,3.6,3,mgm
6.38E+13,10.62,15.66,3.6599998,3,mgm
6.38E+13,10.32,15.48,3.8999999,3,mgm
6.38E+13,10.5,15.839999,4.2,3,mgm
6.38E+13,9.9,15.299999,3.9599998,3,mgm
6.38E+13,10.08,15.48,3.84,3,mgm
6.38E+13,10.08,15.78,3.8999999,3,mgm
6.38E+13,9.9,15.299999,3.48,3,mgm
6.38E+13,10.62,15.9,3.72,3,mgm
6.38E+13,10.0199995,15.66,4.2,3,mgm
6.38E+13,10.08,15.719999,4.74,3,mgm
6.38E+13,9.96,15.719999,5.3399997,3,mgm
6.38E+13,9.9,15.719999,5.2799997,3,mgm
6.38E+13,10.0199995,15.66,4.7999997,3,mgm
6.38E+13,10.0199995,15.54,4.56,3,mgm
6.38E+13,10.26,15.54,3.8999999,3,mgm
6.38E+13,9.48,14.94,3.72,3,mgm
6.38E+13,9.599999,14.94,4.2599998,3,mgm
6.38E+13,9.78,14.82,4.3199997,3,mgm
6.38E+13,9.719999,15.179999,4.68,3,mgm
6.38E+13,9.96,15.36,4.62,3,mgm
6.38E+13,9.599999,15.24,4.5,3,mgm
6.38E+13,9.96,15.48,4.62,3,mgm
6.38E+13,10.2,15.42,4.56,3,mgm
6.38E+13,10.559999,15.66,4.8599997,3,mgm
6.38E+13,10.98,15.96,4.5,3,mgm
6.38E+13,10.5,15.599999,3.78,3,mgm
6.38E+13,10.32,15.719999,4.2599998,3,mgm
6.38E+13,10.44,15.42,3.8999999,3,mgm
6.38E+13,10.679999,15.42,3.72,3,mgm
6.38E+13,10.74,15.54,4.2599998,3,mgm
6.38E+13,11.04,15.66,3.6,3,mgm
6.38E+13,10.8,15.9,3.36,3,mgm
6.38E+13,10.679999,16.08,3.8999999,3,mgm
6.38E+13,10.74,16.199999,3.6599998,3,mgm
6.38E+13,10.44,15.96,3.78,3,mgm
6.38E+13,10.559999,15.42,4.3199997,3,mgm
6.38E+13,10.32,15.179999,4.3199997,3,mgm
6.38E+13,9.66,14.759999,4.08,3,mgm
6.38E+13,10.0199995,15,4.08,3,mgm
6.38E+13,9.48,15.059999,3.78,3,mgm
6.38E+13,9.66,15.179999,3.8999999,3,mgm
6.38E+13,10.26,15.54,4.44,3,mgm
6.38E+13,9.48,15.059999,4.5,3,mgm
6.38E+13,9.48,15.12,4.38,3,mgm
6.38E+13,9.66,15.12,3.84,3,mgm
6.38E+13,9.66,15,3.48,3,mgm
6.38E+13,10.08,14.94,3.36,3,mgm
6.38E+13,10.559999,15.36,3.54,3,mgm
6.38E+13,10.08,15.12,4.08,3,mgm
6.38E+13,9.78,15.54,4.44,3,mgm
6.38E+13,10.0199995,15.839999,5.16,3,mgm
6.38E+13,10.139999,15.9,5.7,3,mgm
6.38E+13,10.08,15.719999,5.58,3,mgm
6.38E+13,10.0199995,15.24,5.16,3,mgm
6.38E+13,9.66,15.179999,4.92,3,mgm
6.38E+13,9.36,14.88,4.5,3,mgm
6.38E+13,10.2,15.36,4.3199997,3,mgm
6.38E+13,10.559999,15.66,4.3199997,3,mgm
6.38E+13,10.32,15.54,4.38,3,mgm
6.38E+13,10.26,15.36,4.62,3,mgm
6.38E+13,9.48,15.12,4.68,3,mgm
6.38E+13,9.96,15.059999,4.74,3,mgm
6.38E+13,10.559999,15.299999,4.3199997,3,mgm
6.38E+13,10.8,15.599999,4.44,3,mgm
6.38E+13,11.219999,16.08,4.62,3,mgm
6.38E+13,10.92,15.96,4.68,3,mgm
6.38E+13,10.26,15.78,4.92,3,mgm
6.38E+13,9.96,15.66,4.8599997,3,mgm
6.38E+13,9.36,14.759999,4.56,3,mgm
6.38E+13,9.24,14.58,4.7999997,3,mgm
6.38E+13,9.42,14.88,5.2799997,3,mgm
6.38E+13,9.78,14.94,4.8599997,3,mgm
6.38E+13,10.26,15.599999,5.58,3,mgm
6.38E+13,10.08,15.719999,6,3,mgm
6.38E+13,10.08,15.599999,5.7599998,3,mgm
6.38E+13,9.78,15.54,5.94,3,mgm
6.38E+13,9.42,15.179999,5.1,3,mgm
6.38E+13,9.179999,15.24,4.7999997,3,mgm
6.38E+13,9.179999,14.94,4.74,3,mgm
6.38E+13,9.42,15.179999,5.04,3,mgm
6.38E+13,9.24,15.12,5.2799997,3,mgm
6.38E+13,9.599999,15.24,5.22,3,mgm
6.38E+13,9.42,15.179999,4.68,3,mgm
6.38E+13,9.54,15.059999,4.2,3,mgm
6.38E+13,10.139999,15.48,4.3199997,3,mgm
6.38E+13,9.84,15.24,4.02,3,mgm
6.38E+13,10.559999,15.78,4.2,3,mgm
6.38E+13,9.96,15.42,4.38,3,mgm
6.38E+13,9.78,15.24,4.2599998,3,mgm
6.38E+13,9.78,15.24,4.62,3,mgm
6.38E+13,8.88,14.82,4.98,3,mgm
6.38E+13,9.3,15.12,4.5,3,mgm
6.38E+13,9.059999,15.12,4.44,3,mgm
6.38E+13,9.3,15.299999,4.68,3,mgm
6.38E+13,9.66,15.179999,4.8599997,3,mgm
6.38E+13,9.9,15.179999,5.3399997,3,mgm
6.38E+13,10.559999,15.36,5.58,3,mgm
6.38E+13,10.62,15.42,5.04,3,mgm
6.38E+13,10.74,15.54,4.98,3,mgm
6.38E+13,10.5,15.48,4.7999997,3,mgm
6.38E+13,9.84,15.12,4.5,3,mgm
6.38E+13,10.08,15.179999,4.38,3,mgm
6.38E+13,10.08,15.24,3.84,3,mgm
6.38E+13,9.54,15.299999,4.02,3,mgm
6.38E+13,9.84,15.9,4.56,3,mgm
6.38E+13,9.36,15.66,4.44,3,mgm
6.38E+13,9.66,15.839999,4.38,3,mgm
6.38E+13,9.9,15.66,4.44,3,mgm
6.38E+13,9.54,15.059999,4.14,3,mgm
6.38E+13,9.599999,15.24,4.14,3,mgm
6.38E+13,9.12,14.88,4.5,3,mgm
6.38E+13,9.3,14.88,4.14,3,mgm
6.38E+13,9.78,15.179999,3.9599998,3,mgm
6.38E+13,9.9,14.94,4.02,3,mgm
6.38E+13,10.38,15.24,4.2599998,3,mgm
6.38E+13,10.38,15.36,4.44,3,mgm
6.38E+13,10.139999,15.059999,4.3199997,3,mgm
6.38E+13,9.96,15.599999,4.8599997,3,mgm
6.38E+13,9.599999,15.36,4.44,3,mgm
6.38E+13,9.84,15.48,4.56,3,mgm
6.38E+13,10.26,15.9,4.62,3,mgm
6.38E+13,10.2,15.24,4.2,3,mgm
6.38E+13,10.38,15.599999,4.62,3,mgm
6.38E+13,10.0199995,15.42,4.2599998,3,mgm
6.38E+13,9.3,15.179999,4.5,3,mgm
6.38E+13,9.48,15.66,5.16,3,mgm
6.38E+13,9.179999,15.299999,5.22,3,mgm
6.38E+13,9.179999,15.36,5.2799997,3,mgm
6.38E+13,9.36,15.059999,4.98,3,mgm
6.38E+13,9.9,15.24,4.38,3,mgm
6.38E+13,10.26,15.839999,4.08,3,mgm
6.38E+13,9.96,15.78,4.2,3,mgm
6.38E+13,10.44,15.96,3.84,3,mgm
6.38E+13,10.139999,15.42,3.6,3,mgm
6.38E+13,9.66,14.82,3.72,3,mgm
6.38E+13,10.08,14.7,3.72,3,mgm
6.38E+13,9.48,14.82,4.08,3,mgm
6.38E+13,9.48,15.12,4.68,3,mgm
6.38E+13,9.66,15.42,4.2599998,3,mgm
6.38E+13,9.719999,15.599999,4.62,3,mgm
6.38E+13,9.96,15.66,5.1,3,mgm
6.38E+13,10.0199995,15.78,5.2799997,3,mgm
6.38E+13,10.62,15.42,5.46,3,mgm
6.38E+13,10.679999,15.299999,4.92,3,mgm
6.38E+13,10.679999,15.299999,4.44,3,mgm
6.38E+13,10.62,15.299999,4.5,3,mgm
6.38E+13,9.599999,15.36,4.68,3,mgm
6.38E+13,9.54,15.54,4.62,3,mgm
6.38E+13,9.42,15.48,4.56,3,mgm
6.38E+13,9.36,15.299999,4.14,3,mgm
6.38E+13,9.84,15.42,3.78,3,mgm
6.38E+13,9.48,14.94,3.72,3,mgm
6.38E+13,9.599999,14.759999,3.8999999,3,mgm
6.38E+13,9.36,14.639999,4.3199997,3,mgm
6.38E+13,9.719999,14.759999,4.2,3,mgm
6.38E+13,10.08,15.179999,3.84,3,mgm
6.38E+13,10.0199995,15.42,3.9599998,3,mgm
6.38E+13,9.84,15.24,3.4199998,3,mgm
6.38E+13,9.42,15.179999,4.08,3,mgm
6.38E+13,9.12,14.759999,4.8599997,3,mgm
6.38E+13,9.48,15.059999,4.7999997,3,mgm
6.38E+13,9.48,15.24,5.22,3,mgm
6.38E+13,9.599999,15.179999,4.62,3,mgm
6.38E+13,9.9,15.54,4.8599997,3,mgm
6.38E+13,9.66,15.42,5.16,3,mgm
6.38E+13,9.599999,15.059999,4.62,3,mgm
6.38E+13,9.9,15.36,4.62,3,mgm
6.38E+13,9.9,15.24,4.38,3,mgm
6.38E+13,10.44,15.42,3.6599998,3,mgm
6.38E+13,10.98,15.9,3.78,3,mgm
6.38E+13,10.26,15.36,3.84,3,mgm
6.38E+13,9.78,15.12,4.2,3,mgm
6.38E+13,9.54,14.94,4.5,3,mgm
6.38E+13,9.719999,15,4.68,3,mgm
6.38E+13,10.08,14.88,4.98,3,mgm
6.38E+13,10.44,15.179999,4.92,3,mgm
6.38E+13,9.78,15,4.8599997,3,mgm
6.38E+13,9.54,14.88,4.7999997,3,mgm
6.38E+13,9.96,15.54,4.5,3,mgm
6.38E+13,9.48,15.24,4.2599998,3,mgm
6.38E+13,9.78,15.12,4.3199997,3,mgm
6.38E+13,9.78,15.36,4.2,3,mgm
6.38E+13,9.66,14.94,3.9599998,3,mgm
6.38E+13,10.679999,15.48,4.02,3,mgm
6.38E+13,10.74,15.719999,4.14,3,mgm
6.38E+13,10.559999,15.54,4.3199997,3,mgm
6.38E+13,10.32,16.02,4.5,3,mgm
6.38E+13,10.08,15.78,4.68,3,mgm
6.38E+13,10.08,15.9,4.5,3,mgm
6.38E+13,10.2,16.32,4.62,3,mgm
6.38E+13,10.2,15.9,4.74,3,mgm
6.38E+13,10.08,16.08,4.68,3,mgm
6.38E+13,10.08,16.199999,4.92,3,mgm
6.38E+13,10.32,15.9,4.62,3,mgm
6.38E+13,10.139999,16.32,4.74,3,mgm
6.38E+13,9.84,15.839999,3.84,3,mgm
6.38E+13,10.139999,15.719999,3.3,3,mgm
6.38E+13,10.26,15.839999,3.36,3,mgm
6.38E+13,10.74,15.66,2.9399998,3,mgm
6.38E+13,10.8,15.96,3.72,3,mgm
6.38E+13,10.559999,16.26,4.08,3,mgm
6.38E+13,10.2,16.08,4.3199997,3,mgm
6.38E+13,10.139999,15.96,4.74,3,mgm
6.38E+13,10.2,16.14,4.74,3,mgm
6.38E+13,10.5,16.02,4.74,3,mgm
6.38E+13,10.559999,15.839999,4.68,3,mgm
6.38E+13,10.62,15.96,4.44,3,mgm
6.38E+13,10.98,16.02,4.2599998,3,mgm
6.38E+13,10.8,15.599999,3.78,3,mgm
6.38E+13,10.679999,15.599999,3.54,3,mgm
6.38E+13,10.32,15.42,3.6,3,mgm
6.38E+13,9.96,15.12,3.6,3,mgm
6.38E+13,9.48,15,4.2,3,mgm
6.38E+13,9.42,14.94,4.2599998,3,mgm
6.38E+13,9.179999,14.639999,4.2599998,3,mgm
6.38E+13,9.24,14.34,4.08,3,mgm
6.38E+13,9.42,14.34,4.14,3,mgm
6.38E+13,9.96,14.7,4.38,3,mgm
6.38E+13,10.679999,15.179999,4.56,3,mgm
6.38E+13,11.099999,15.96,4.8599997,3,mgm
6.38E+13,11.099999,15.839999,5.1,3,mgm
6.38E+13,10.86,15.54,4.38,3,mgm
6.38E+13,10.38,15.54,4.5,3,mgm
6.38E+13,10.08,15.179999,4.5,3,mgm
6.38E+13,10.74,15.66,4.2,3,mgm
6.38E+13,10.5,15.599999,4.62,3,mgm
6.38E+13,10.5,15.36,4.3199997,3,mgm
6.38E+13,10.44,15.299999,4.3199997,3,mgm
6.38E+13,9.78,15.059999,4.2599998,3,mgm
6.38E+13,9.9,15.36,4.56,3,mgm
6.38E+13,9.84,15.42,4.5,3,mgm
6.38E+13,10.08,15.54,4.2599998,3,mgm
6.38E+13,10.32,15.599999,4.14,3,mgm
6.38E+13,10.26,15.48,4.08,3,mgm
6.38E+13,10.32,15.48,4.14,3,mgm
6.38E+13,9.84,15.059999,4.44,3,mgm
6.38E+13,9.599999,14.82,4.5,3,mgm
6.38E+13,9.599999,14.82,4.2,3,mgm
6.38E+13,9.9,14.7,3.8999999,3,mgm
6.38E+13,10.32,15.12,3.6599998,3,mgm
6.38E+13,9.78,14.7,3.4199998,3,mgm
6.38E+13,10.5,14.88,3.6,3,mgm
6.38E+13,10.38,14.94,3.9599998,3,mgm
6.38E+13,9.9,14.5199995,4.02,3,mgm
6.38E+13,10.559999,15.24,4.3199997,3,mgm
6.38E+13,10.38,15.179999,4.38,3,mgm
6.38E+13,9.96,15.179999,4.3199997,3,mgm
6.38E+13,9.42,15.179999,4.2599998,3,mgm
6.38E+13,8.94,14.94,4.38,3,mgm
6.38E+13,8.58,14.94,4.5,3,mgm
6.38E+13,8.76,15.179999,4.5,3,mgm
6.38E+13,10.2,15.54,4.44,3,mgm
6.38E+13,10.62,15.78,4.3199997,3,mgm
6.38E+13,10.8,15.66,3.54,3,mgm
6.38E+13,10.679999,15.36,3.6,3,mgm
6.38E+13,9.78,15,4.08,3,mgm
6.38E+13,10.139999,15.059999,4.08,3,mgm
6.38E+13,9.719999,14.639999,4.56,3,mgm
6.38E+13,10.26,14.759999,4.56,3,mgm
6.38E+13,10.62,15.179999,3.84,3,mgm
6.38E+13,10.2,14.88,3.6,3,mgm
6.38E+13,10.2,14.88,3.24,3,mgm
6.38E+13,9.42,14.759999,3.3,3,mgm
6.38E+13,8.94,14.34,3.36,3,mgm
6.38E+13,9,14.639999,3.78,3,mgm
6.38E+13,9.059999,15.059999,4.2,3,mgm
6.38E+13,9.719999,15.12,4.08,3,mgm
6.38E+13,9.66,14.759999,4.3199997,3,mgm
6.38E+13,9.54,14.34,4.44,3,mgm
6.38E+13,9.719999,14.58,4.7999997,3,mgm
6.38E+13,9.78,14.58,4.5,3,mgm
6.38E+13,10.62,15.299999,4.74,3,mgm
6.38E+13,10.8,15.78,4.56,3,mgm
6.38E+13,10.559999,15.36,3.9599998,3,mgm
6.38E+13,10.32,15.36,4.3199997,3,mgm
6.38E+13,10.26,15.36,4.02,3,mgm
6.38E+13,10.559999,15.42,4.38,3,mgm
6.38E+13,10.86,15.66,4.7999997,3,mgm
6.38E+13,10.8,15.66,4.56,3,mgm
6.38E+13,11.04,15.78,4.62,3,mgm
6.38E+13,10.74,15.719999,4.38,3,mgm
6.38E+13,10.5,15.36,4.38,3,mgm
6.38E+13,10.44,15.48,4.56,3,mgm
6.38E+13,10.139999,15.059999,4.5,3,mgm
6.38E+13,10.139999,14.7,4.5,3,mgm
6.38E+13,10.679999,15.24,4.44,3,mgm
6.38E+13,10.5,15.179999,4.74,3,mgm
6.38E+13,10.2,15.36,5.04,3,mgm
6.38E+13,10.08,15.66,5.1,3,mgm
6.38E+13,9.599999,15.24,5.58,3,mgm
6.38E+13,9.78,14.88,5.3399997,3,mgm
6.38E+13,9.719999,14.46,4.92,3,mgm
6.38E+13,10.0199995,14.58,4.5,3,mgm
6.38E+13,10.32,14.759999,4.08,3,mgm
6.38E+13,10.92,15.78,4.38,3,mgm
6.38E+13,11.5199995,16.26,4.44,3,mgm
6.38E+13,11.639999,16.8,4.7999997,3,mgm
6.38E+13,12,16.859999,4.56,3,mgm
6.38E+13,11.4,16.38,4.08,3,mgm
6.38E+13,10.8,16.14,4.3199997,3,mgm
6.38E+13,10.8,15.719999,4.02,3,mgm
6.38E+13,10.08,15.719999,4.2599998,3,mgm
6.38E+13,10.26,15.54,4.2599998,3,mgm
6.38E+13,10.26,15.719999,4.2,3,mgm
6.38E+13,9.24,15.299999,4.44,3,mgm
6.38E+13,9.059999,14.88,4.14,3,mgm
6.38E+13,8.76,14.88,4.08,3,mgm
6.38E+13,8.58,14.7,3.9599998,3,mgm
6.38E+13,9.24,15.24,4.08,3,mgm
6.38E+13,9.24,15.78,4.44,3,mgm
6.38E+13,9.42,15.96,4.5,3,mgm
6.38E+13,9.66,16.14,4.74,3,mgm
6.38E+13,10.139999,15.96,4.56,3,mgm
6.38E+13,9.599999,15.299999,4.3199997,3,mgm
6.38E+13,9.719999,15.42,4.44,3,mgm
6.38E+13,9.96,15.48,4.2,3,mgm
6.38E+13,9.179999,15.059999,4.44,3,mgm
6.38E+13,10.26,15.66,4.08,3,mgm
6.38E+13,10.2,15.54,4.02,3,mgm
6.38E+13,10.5,15.54,4.56,3,mgm
6.38E+13,10.32,15.78,4.7999997,3,mgm
6.38E+13,10.0199995,15.36,4.8599997,3,mgm
6.38E+13,10.26,15.24,4.68,3,mgm
6.38E+13,9.96,15.059999,4.2,3,mgm
6.38E+13,10.26,15.12,3.48,3,mgm
6.38E+13,10.38,15.48,3.78,3,mgm
6.38E+13,10.38,15.299999,3.84,3,mgm
6.38E+13,10.679999,15.719999,4.3199997,3,mgm
6.38E+13,10.38,15.48,4.56,3,mgm
6.38E+13,10.26,15.059999,4.68,3,mgm
6.38E+13,10.44,15.719999,4.5,3,mgm
6.38E+13,9.96,15.42,4.02,3,mgm
6.38E+13,10.559999,15.78,4.08,3,mgm
6.38E+13,10.5,15.96,4.38,3,mgm
6.38E+13,10.08,15.599999,4.44,3,mgm
6.38E+13,10.5,15.66,4.8599997,3,mgm
6.38E+13,10.38,15.66,4.92,3,mgm
6.38E+13,10.32,15.48,4.56,3,mgm
6.38E+13,10.679999,15.599999,4.8599997,3,mgm
6.38E+13,10.8,15.78,4.5,3,mgm
6.38E+13,10.559999,15.839999,4.68,3,mgm
6.38E+13,10.8,15.9,4.74,3,mgm
6.38E+13,10.26,15.66,4.3199997,3,mgm
6.38E+13,9.719999,15.48,4.44,3,mgm
6.38E+13,9.84,15.299999,4.14,3,mgm
6.38E+13,9.599999,15.48,3.8999999,3,mgm
6.38E+13,9.96,15.66,4.44,3,mgm
6.38E+13,9.9,15.54,4.38,3,mgm
6.38E+13,9.9,15.719999,4.74,3,mgm
6.38E+13,9.96,15.48,5.04,3,mgm
6.38E+13,10.2,15.48,4.5,3,mgm
6.38E+13,10.74,15.96,4.2599998,3,mgm
6.38E+13,10.44,15.839999,3.9599998,3,mgm
6.38E+13,10.26,16.14,3.72,3,mgm
6.38E+13,10.139999,16.199999,4.08,3,mgm
6.38E+13,9.42,15.36,4.44,3,mgm
6.38E+13,9.96,15.42,5.04,3,mgm
6.38E+13,9.54,15,5.46,3,mgm
6.38E+13,9.059999,14.82,5.7,3,mgm
6.38E+13,9.54,15.179999,5.7,3,mgm
6.38E+13,9,15,5.16,3,mgm
6.38E+13,9.599999,15.059999,5.46,3,mgm
6.38E+13,9.84,15.299999,5.16,3,mgm
6.38E+13,9.42,15.36,4.8599997,3,mgm
6.38E+13,9.66,15.66,4.74,3,mgm
6.38E+13,10.0199995,16.08,4.14,3,mgm
6.38E+13,10.26,15.599999,3.8999999,3,mgm
6.38E+13,10.74,15.599999,4.14,3,mgm
6.38E+13,10.74,15.24,3.9599998,3,mgm
6.38E+13,10.679999,15.24,4.2,3,mgm
6.38E+13,11.04,15.54,4.02,3,mgm
6.38E+13,10.8,15.78,4.14,3,mgm
6.38E+13,10.679999,15.78,4.2599998,3,mgm
6.38E+13,10.38,15.719999,3.84,3,mgm
6.38E+13,9.54,15.48,4.14,3,mgm
6.38E+13,9.36,15.24,4.08,3,mgm
6.38E+13,9.48,15.299999,4.02,3,mgm
6.38E+13,9.54,15.36,4.8599997,3,mgm
6.38E+13,10.0199995,15.54,4.92,3,mgm
6.38E+13,10.44,15.719999,4.5,3,mgm
6.38E+13,10.679999,15.599999,4.62,3,mgm
6.38E+13,10.08,15.299999,3.6,3,mgm
6.38E+13,9.96,15.059999,3.36,3,mgm
6.38E+13,9.54,14.94,3.84,3,mgm
6.38E+13,9.42,14.759999,3.8999999,3,mgm
6.38E+13,9.84,14.7,4.2599998,3,mgm
6.38E+13,9.48,14.46,4.2599998,3,mgm
6.38E+13,9.3,14.34,4.56,3,mgm
6.38E+13,9.24,14.58,4.44,3,mgm
6.38E+13,8.7,14.4,5.04,3,mgm
6.38E+13,10.26,15.12,4.92,3,mgm
6.38E+13,10.2,15.24,5.46,3,mgm
6.38E+13,10.86,15.179999,5.1,3,mgm
6.38E+13,10.92,15.24,5.46,3,mgm
6.38E+13,10.44,14.88,5.64,3,mgm
6.38E+13,10.5,14.219999,5.22,3,mgm
6.38E+13,9.78,14.099999,5.52,3,mgm
6.38E+13,9.12,13.86,5.52,3,mgm
6.38E+13,9.599999,14.04,5.3399997,3,mgm
6.38E+13,9.42,14.34,5.3399997,3,mgm
6.38E+13,9.719999,14.639999,4.8599997,3,mgm
6.38E+13,9.9,14.759999,4.92,3,mgm
6.38E+13,9.42,14.46,4.3199997,3,mgm
6.38E+13,9.78,14.759999,4.38,3,mgm
6.38E+13,11.28,15.839999,4.68,3,mgm
6.38E+13,10.5,15.54,4.62,3,mgm
6.38E+13,10.26,15.24,5.1,3,mgm
6.38E+13,10.44,15.299999,5.04,3,mgm
6.38E+13,10.08,15.12,4.98,3,mgm
6.38E+13,10.139999,14.94,5.3399997,3,mgm
6.38E+13,10.38,15.179999,5.3399997,3,mgm
6.38E+13,9.84,14.88,5.8199997,3,mgm
6.38E+13,10.08,15.059999,5.94,3,mgm
6.38E+13,10.62,15.48,6.18,3,mgm
6.38E+13,10.8,15.36,5.64,3,mgm
6.38E+13,11.099999,15.42,5.4,3,mgm
6.38E+13,10.98,15.179999,4.98,3,mgm
6.38E+13,10.559999,15.059999,4.38,3,mgm
6.38E+13,10.26,15.24,4.2599998,3,mgm
6.38E+13,10.32,15.719999,4.56,3,mgm
6.38E+13,10.5,16.02,4.44,3,mgm
6.38E+13,10.74,16.14,4.38,3,mgm
6.38E+13,10.44,15.839999,4.2599998,3,mgm
6.38E+13,9.9,14.639999,4.56,3,mgm
6.38E+13,10.08,14.5199995,4.92,3,mgm
6.38E+13,10.38,14.5199995,5.3399997,3,mgm
6.38E+13,10.38,14.639999,5.4,3,mgm
6.38E+13,10.679999,14.7,5.46,3,mgm
6.38E+13,10.26,14.5199995,5.22,3,mgm
6.38E+13,9.24,13.86,4.5,3,mgm
6.38E+13,9.96,14.099999,4.2,3,mgm
6.38E+13,10.92,15,4.2,3,mgm
6.38E+13,14.759999,4.98,9.3,3,mgm
6.38E+13,15.179999,4.8599997,9.179999,3,mgm
6.38E+13,15.78,4.74,9.059999,3,mgm
6.38E+13,15.839999,4.7999997,8.82,3,mgm
6.38E+13,15.78,4.7999997,9,3,mgm
6.38E+13,15.719999,4.56,9.3,3,mgm
6.38E+13,15.299999,4.2,9.96,3,mgm
6.38E+13,14.88,3.6599998,10.0199995,3,mgm
6.38E+13,15.179999,3.4199998,9.96,3,mgm
6.38E+13,14.759999,3.4199998,9.84,3,mgm
6.38E+13,14.82,3.24,9.48,3,mgm
