t,x,y,z,a,
8.61E+13,0.09816227,-0.21068975,-1.7286136,3,acc
8.61E+13,0.050278235,0.090979666,-0.07182605,3,acc
8.61E+13,0.011971008,0.19632454,-0.002394202,3,acc
8.61E+13,-0.007182605,0.21547815,0.14604631,3,acc
8.61E+13,-0.06943185,0.33518824,0.11492168,3,acc
8.61E+13,0.20111294,0.07182605,-0.004788403,3,acc
8.61E+13,0.16759412,-0.059855044,0.06703765,3,acc
8.61E+13,0.23702596,0.009576807,0.062249243,3,acc
8.61E+13,0.38307226,-0.04309563,0.045489833,3,acc
8.61E+13,0.30406362,-0.079008654,0.016759412,3,acc
8.61E+13,0.095768064,-0.076614454,-0.011971008,3,acc
8.61E+13,0.11971009,0.11971009,-0.04309563,3,acc
8.61E+13,0.04309563,0.29209262,-0.02633622,3,acc
8.61E+13,0.090979666,0.23463176,-0.031124622,3,acc
8.61E+13,0.19153613,0.08619126,-0.10055647,3,acc
8.61E+13,0.22505496,0.12449849,0.10055647,3,acc
8.61E+13,0.21787235,0.074220255,-0.06703765,3,acc
8.61E+13,0.1604115,-0.09816227,-0.088585466,3,acc
8.61E+13,0.20829555,0.23223756,0.60333884,3,acc
8.61E+13,-0.14604631,0.14844051,0.1340753,3,acc
8.61E+13,0.004788403,-0.12210429,-0.22744916,3,acc
8.61E+13,0.16998832,0.14844051,0.2633622,3,acc
8.61E+13,0.033518825,0.22266077,0.2753332,3,acc
8.61E+13,0.21068975,-0.06464344,0.16280572,3,acc
8.61E+13,0.31603462,-0.25617957,0.19632454,3,acc
8.61E+13,0.16519992,-0.29927522,0.18195933,3,acc
8.61E+13,0.033518825,0.093373865,0.1316811,3,acc
8.61E+13,-0.019153614,0.31603462,0.16519992,3,acc
8.61E+13,-0.035913024,0.24899697,0.10295067,3,acc
8.61E+13,0.15801731,0.19393034,0.16519992,3,acc
8.61E+13,0.08379706,0.16998832,0.08619126,3,acc
8.61E+13,0.09816227,-0.095768064,0.004788403,3,acc
8.61E+13,0.12449849,0.007182605,0.10055647,3,acc
8.61E+13,-0.016759412,0.16519992,0.24420857,3,acc
8.61E+13,0.038307227,0.08619126,0.17956513,3,acc
8.61E+13,0.2801216,0.07182605,0.007182605,3,acc
8.61E+13,0.20350714,-0.009576807,0.031124622,3,acc
8.61E+13,0.16759412,0.050278235,0.095768064,3,acc
8.61E+13,0.18674773,0.21547815,0.17477672,3,acc
8.61E+13,0.08379706,0.16759412,0.11492168,3,acc
8.61E+13,-0.023942016,0.031124622,0.08619126,3,acc
8.61E+13,-0.009576807,0.08379706,0.06943185,3,acc
8.61E+13,0.15083471,0.1316811,0.14604631,3,acc
8.61E+13,0.2825158,0.009576807,0.11252748,3,acc
8.61E+13,0.15801731,-0.08619126,0.14844051,3,acc
8.61E+13,0.17477672,-0.050278235,0.2873042,3,acc
8.61E+13,0.30166942,-0.06703765,0.21308395,3,acc
8.61E+13,0.04309563,0.04309563,-0.09816227,3,acc
8.61E+13,0.04309563,-0.088585466,-0.16519992,3,acc
8.61E+13,0.20829555,0.19393034,0.5626374,3,acc
8.61E+13,-0.08619126,0.04070143,0.047884032,3,acc
8.61E+13,-0.033518825,-0.09816227,-0.16519992,3,acc
8.61E+13,0.09816227,0.39504328,0.260968,3,acc
8.61E+13,0.004788403,0.45729253,0.20590134,3,acc
8.61E+13,0.18435353,0.18674773,0.16519992,3,acc
8.61E+13,0.15083471,-0.15322891,0.15801731,3,acc
8.61E+13,-0.02633622,-0.1412579,0.20829555,3,acc
8.61E+13,-0.055066638,0.08619126,0.11492168,3,acc
8.61E+13,-0.05267244,0.20590134,0.09816227,3,acc
8.61E+13,-0.007182605,0.17477672,0.12449849,3,acc
8.61E+13,0.18195933,-0.01436521,0.2753332,3,acc
8.61E+13,0.23463176,-0.04070143,0.22744916,3,acc
8.61E+13,0.2753332,-0.059855044,0.038307227,3,acc
8.61E+13,0.090979666,0.062249243,0.07182605,3,acc
8.61E+13,-0.031124622,0.10295067,0.11252748,3,acc
8.61E+13,0.15083471,0.21547815,0.08619126,3,acc
8.61E+13,0.20350714,0.002394202,-0.007182605,3,acc
8.61E+13,0.16280572,-0.088585466,-0.002394202,3,acc
8.61E+13,0.23463176,-0.059855044,0.04070143,3,acc
8.61E+13,0.20829555,0.02873042,0.08379706,3,acc
8.61E+13,0.1316811,0.074220255,0.035913024,3,acc
8.61E+13,0.16759412,0.15083471,0.004788403,3,acc
8.61E+13,0.10055647,0.1412579,-0.021547815,3,acc
8.61E+13,0.14844051,0.21547815,0.019153614,3,acc
8.61E+13,0.09816227,0.10055647,0.002394202,3,acc
8.61E+13,0.1316811,0.10055647,0.033518825,3,acc
8.61E+13,0.074220255,0.11971009,0.08619126,3,acc
8.61E+13,0.059855044,0.23702596,0.15801731,3,acc
8.61E+13,-0.002394202,0.107739076,-0.06464344,3,acc
8.61E+13,0.110133275,0.12210429,-0.04070143,3,acc
8.61E+13,0.15322891,0.32561144,0.545878,3,acc
8.61E+13,-0.08140286,-0.031124622,-0.1364695,3,acc
8.61E+13,0.12689269,-0.033518825,-0.12210429,3,acc
8.61E+13,0.110133275,0.2657564,0.39504328,3,acc
8.61E+13,0.1436521,0.20111294,0.17477672,3,acc
8.61E+13,0.35194764,-0.1436521,-0.06464344,3,acc
8.61E+13,0.29448682,-0.15801731,-0.02873042,3,acc
8.61E+13,0.02873042,0.12689269,0.11971009,3,acc
8.61E+13,0.01436521,0.29688102,0.19632454,3,acc
8.61E+13,0.011971008,0.24420857,0.1388637,3,acc
8.61E+13,0.107739076,-0.08140286,0.059855044,3,acc
8.61E+13,0.1604115,-0.110133275,0.21308395,3,acc
8.61E+13,0.25139117,0.019153614,-0.031124622,3,acc
8.61E+13,0.17477672,0.19393034,-0.11252748,3,acc
8.61E+13,0.002394202,0.23223756,0.093373865,3,acc
8.61E+13,-0.01436521,0.15322891,0.11492168,3,acc
8.61E+13,0.11731588,0.11252748,0.08140286,3,acc
8.61E+13,0.12928689,0.02873042,0.019153614,3,acc
8.61E+13,0.21547815,0.02633622,0.04309563,3,acc
8.61E+13,0.23463176,0.17238252,0.1388637,3,acc
8.61E+13,0.12928689,0.20590134,0.08619126,3,acc
8.61E+13,0,0.17717093,0.023942016,3,acc
8.61E+13,0.05746084,0.002394202,0.031124622,3,acc
8.61E+13,0.10534488,0.08140286,0.074220255,3,acc
8.61E+13,0.074220255,0.107739076,0.095768064,3,acc
8.61E+13,0.18435353,-0.009576807,0.14844051,3,acc
8.61E+13,0.21308395,0.038307227,0.08140286,3,acc
8.61E+13,0.18195933,0.076614454,0.11731588,3,acc
8.61E+13,0.12689269,0,0.10295067,3,acc
8.61E+13,0.11971009,-0.02873042,-0.11731588,3,acc
8.61E+13,0.16519992,0.1364695,0.37110126,3,acc
8.61E+13,-0.02873042,0.2657564,0.36391866,3,acc
8.61E+13,0.035913024,-0.08379706,-0.30885202,3,acc
8.61E+13,0.17477672,0.02873042,0.07182605,3,acc
8.61E+13,0.10534488,0.2801216,0.30166942,3,acc
8.61E+13,0.08619126,0.095768064,0.18914193,3,acc
8.61E+13,0.24181437,-0.088585466,0.11492168,3,acc
8.61E+13,0.1340753,-0.23463176,0.05267244,3,acc
8.61E+13,0.09816227,0.07182605,0.062249243,3,acc
8.61E+13,0.06703765,0.14604631,0.11492168,3,acc
8.61E+13,0.023942016,0.2873042,0.110133275,3,acc
8.61E+13,0.055066638,0.11252748,0.1388637,3,acc
8.61E+13,0.19153613,-0.002394202,0.2753332,3,acc
8.61E+13,0.12449849,-0.02633622,0.10055647,3,acc
8.61E+13,0.059855044,0.05267244,-0.01436521,3,acc
8.61E+13,0.045489833,0.272939,0.05746084,3,acc
8.61E+13,0.045489833,0.21308395,0.038307227,3,acc
8.61E+13,0.20590134,0.06703765,0.1316811,3,acc
8.61E+13,0.21547815,-0.045489833,0.18674773,3,acc
8.61E+13,0.15801731,-0.1412579,0.22266077,3,acc
8.61E+13,0.05746084,0.007182605,0.15083471,3,acc
8.61E+13,0.035913024,0.11971009,0.11731588,3,acc
8.61E+13,-0.035913024,0.074220255,0.074220255,3,acc
8.61E+13,0.110133275,-0.009576807,0.088585466,3,acc
8.61E+13,0.15083471,-0.031124622,0.08379706,3,acc
8.61E+13,0.12210429,0.009576807,0.11252748,3,acc
8.61E+13,0.16519992,0.17956513,0.17477672,3,acc
8.61E+13,0.16759412,0.038307227,0.062249243,3,acc
8.61E+13,0.20829555,-0.004788403,-0.002394202,3,acc
8.61E+13,0.12928689,0.18914193,0.33997664,3,acc
8.61E+13,0.2753332,0.33758244,0.29448682,3,acc
8.61E+13,0.22744916,0.49320555,-0.10295067,3,acc
8.61E+13,0.37110126,0.7469909,-0.11252748,3,acc
8.61E+13,0.10295067,0.7086837,0.49799395,3,acc
8.61E+13,-0.095768064,0.06703765,0.36870706,3,acc
8.61E+13,0.22984336,-0.25857377,0.22505496,3,acc
8.61E+13,0.2753332,0.08140286,0,3,acc
8.61E+13,-0.035913024,0.23223756,-0.15322891,3,acc
8.61E+13,-0.088585466,0.20111294,-0.110133275,3,acc
8.61E+13,0.055066638,0.038307227,-0.19871874,3,acc
8.61E+13,0.12928689,-0.2873042,0.04309563,3,acc
8.61E+13,0.1388637,-0.33997664,0.7230489,3,acc
8.61E+13,0.36391866,0.095768064,0.36631286,3,acc
8.61E+13,-0.088585466,-0.5315128,1.4053963,3,acc
8.61E+13,0.08379706,-0.80924016,1.1875241,3,acc
8.61E+13,-0.18674773,-0.6344634,0.6991069,3,acc
8.61E+13,0.23942018,-0.6631939,-0.37588966,3,acc
8.61E+13,0.35673606,0.38307226,-0.94570965,3,acc
8.61E+13,0.24899697,0.60094464,-1.1061212,3,acc
8.61E+13,-0.4381389,0.36391866,-0.9911995,3,acc
8.61E+13,0.557849,0.33758244,-0.8738836,3,acc
8.61E+13,0.29448682,0.29209262,-0.39264908,3,acc
8.61E+13,0.22026655,0.4381389,-0.22266077,3,acc
8.61E+13,0.45729253,0.78290397,-0.24420857,3,acc
8.61E+13,0.33039984,0.8714894,0.01436521,3,acc
8.61E+13,0.088585466,0.6536171,0.23223756,3,acc
8.61E+13,0,0.35194764,0.19632454,3,acc
8.61E+13,-0.004788403,0.074220255,0.17717093,3,acc
8.61E+13,-0.2753332,-0.11252748,0.34237084,3,acc
8.61E+13,-0.12689269,-0.033518825,0.37349546,3,acc
8.61E+13,0.016759412,-0.110133275,0.20111294,3,acc
8.61E+13,0.055066638,-0.18914193,0.18914193,3,acc
8.61E+13,0.5410896,-0.16519992,0.004788403,3,acc
8.61E+13,0.5434838,-0.20350714,-0.050278235,3,acc
8.61E+13,0.48123455,-0.21547815,0.007182605,3,acc
8.61E+13,0.29448682,-0.23942018,-0.1412579,3,acc
8.61E+13,0.3184288,-0.21308395,-0.16759412,3,acc
8.61E+13,0.38067806,-0.20590134,-0.3184288,3,acc
8.61E+13,-0.007182605,-0.059855044,-0.4165911,3,acc
8.61E+13,-0.19393034,-0.02873042,-0.6368576,3,acc
8.61E+13,-0.36391866,0,-0.7541735,3,acc
8.61E+13,0.1604115,-0.08140286,-0.878672,3,acc
8.61E+13,0.39743748,-0.24420857,-0.82121116,3,acc
8.61E+13,0.29209262,-0.49559975,-0.40222588,3,acc
8.61E+13,0.059855044,-0.4141969,-0.12689269,3,acc
8.61E+13,-0.1340753,-0.14844051,0.4237737,3,acc
8.61E+13,0.23702596,0.20111294,0.79966336,3,acc
8.61E+13,0.82599956,0.44771573,0.6871359,3,acc
8.61E+13,0.6440403,0.37828386,0.50517654,3,acc
8.61E+13,0.033518825,0.33518824,0.29927522,3,acc
8.61E+13,-0.2657564,0.23463176,0.19871874,3,acc
8.61E+13,-0.1316811,-0.29927522,0.11252748,3,acc
8.61E+13,-0.80684596,5.5737014,-0.63206923,3,acc
8.61E+13,1.4580688,9.615114,-3.040636,3,acc
8.61E+13,-0.48841715,12.25113,-4.268862,3,acc
8.61E+13,-1.2497733,8.135497,-3.004723,3,acc
8.61E+13,-1.2354081,2.542642,-1.6112977,3,acc
8.61E+13,7.050924,4.10845,5.544971,3,acg
8.61E+13,7.103596,4.1539397,5.389348,3,acg
8.61E+13,6.9886746,4.31914,5.568913,3,acg
8.61E+13,6.979098,4.405331,5.659893,3,acg
8.61E+13,7.062895,4.3598413,5.568913,3,acg
8.61E+13,7.1730285,4.1946416,5.5497594,3,acg
8.61E+13,7.0700774,4.189853,5.509058,3,acg
8.61E+13,7.2065473,4.19943,5.5401826,3,acg
8.61E+13,7.2831616,4.1802764,5.5737014,3,acg
8.61E+13,7.1969705,4.1252093,5.4779334,3,acg
8.61E+13,7.1275387,4.2640734,5.511452,3,acg
8.61E+13,7.067683,4.414908,5.4180784,3,acg
8.61E+13,7.079654,4.4364557,5.437232,3,acg
8.61E+13,7.141904,4.3742065,5.3725886,3,acg
8.61E+13,7.1634517,4.355053,5.473145,3,acg
8.61E+13,7.264008,4.3478703,5.5138464,3,acg
8.61E+13,7.192182,4.189853,5.2385135,3,acg
8.61E+13,7.2352777,4.259285,5.518635,3,acg
8.61E+13,7.0581064,4.465186,5.872977,3,acg
8.61E+13,6.811504,4.1802764,5.171476,3,acg
8.61E+13,7.1347213,4.201824,5.377377,3,acg
8.61E+13,7.026982,4.441244,5.7149596,3,acg
8.61E+13,7.103596,4.2544966,5.650316,3,acg
8.61E+13,7.3549876,4.010288,5.57849,3,acg
8.61E+13,7.2951326,3.8618474,5.6335564,3,acg
8.61E+13,7.074866,4.050989,5.554548,3,acg
8.61E+13,7.017405,4.2784386,5.566519,3,acg
8.61E+13,6.9862804,4.4675803,5.571307,3,acg
8.61E+13,7.103596,4.3502645,5.6431336,3,acg
8.61E+13,7.129933,4.247314,5.659893,3,acg
8.61E+13,7.1251445,4.211401,5.4659624,3,acg
8.61E+13,7.1347213,4.110844,5.4803276,3,acg
8.61E+13,7.038953,4.201824,5.5880666,3,acg
8.61E+13,6.9527617,4.2784386,5.6335564,3,acg
8.61E+13,7.0341644,4.173094,5.5042696,3,acg
8.61E+13,7.357382,4.1539397,5.463568,3,acg
8.61E+13,7.21373,4.1060557,5.521029,3,acg
8.61E+13,7.0940194,4.225766,5.556942,3,acg
8.61E+13,7.132327,4.3143516,5.628768,3,acg
8.61E+13,6.9407907,4.3047748,5.482722,3,acg
8.61E+13,6.9647326,4.1515455,5.533,3,acg
8.61E+13,7.120356,4.146757,5.626374,3,acg
8.61E+13,7.249643,4.1946416,5.638345,3,acg
8.61E+13,7.2687964,4.0773253,5.657499,3,acg
8.61E+13,7.1514807,3.9863458,5.734113,3,acg
8.61E+13,7.228095,4.0198646,5.770026,3,acg
8.61E+13,7.2544312,4.156334,5.707777,3,acg
8.61E+13,7.0341644,4.039018,5.353435,3,acg
8.61E+13,7.1466923,4.1252093,5.7389016,3,acg
8.61E+13,6.979098,4.3239284,5.935226,3,acg
8.61E+13,6.799533,3.9145198,5.3247046,3,acg
8.61E+13,7.0581064,4.24492,5.626374,3,acg
8.61E+13,7.041347,4.5441947,5.8562174,3,acg
8.61E+13,7.050924,4.5154643,5.767632,3,acg
8.61E+13,7.156269,4.158728,5.6766524,3,acg
8.61E+13,7.0844426,3.8714242,5.7389016,3,acg
8.61E+13,6.88333,4.086902,5.7867856,3,acg
8.61E+13,6.8689647,4.3143516,5.6000376,3,acg
8.61E+13,6.9048777,4.345476,5.6096144,3,acg
8.61E+13,6.9767036,4.220978,5.7149596,3,acg
8.61E+13,7.091625,4.0677485,5.765238,3,acg
8.61E+13,7.2209125,4.027047,5.631162,3,acg
8.61E+13,7.1969705,4.146757,5.554548,3,acg
8.61E+13,7.019799,4.2401314,5.686229,3,acg
8.61E+13,7.043741,4.3047748,5.614403,3,acg
8.61E+13,7.2113357,4.259285,5.5401826,3,acg
8.61E+13,7.117962,4.1132383,5.544971,3,acg
8.61E+13,7.1586633,4.110844,5.580884,3,acg
8.61E+13,7.2687964,4.10845,5.5258174,3,acg
8.61E+13,7.216124,4.134786,5.547365,3,acg
8.61E+13,7.177817,4.201824,5.475539,3,acg
8.61E+13,7.1706343,4.2880154,5.4922986,3,acg
8.61E+13,7.1586633,4.3358994,5.506664,3,acg
8.61E+13,7.0940194,4.27365,5.4899044,3,acg
8.61E+13,7.1227503,4.249708,5.4922986,3,acg
8.61E+13,7.074866,4.2066126,5.5018754,3,acg
8.61E+13,7.117962,4.249708,5.559336,3,acg
8.61E+13,7.1083846,4.3263226,5.4444146,3,acg
8.61E+13,7.0605006,4.2521024,5.3127337,3,acg
8.61E+13,7.2209125,4.426879,5.872977,3,acg
8.61E+13,7.03177,4.3382936,5.650316,3,acg
8.61E+13,7.0006456,4.003105,5.1259856,3,acg
8.61E+13,7.1993647,4.283227,5.631162,3,acg
8.61E+13,6.993463,4.5418005,5.8634,3,acg
8.61E+13,7.2544312,4.3023806,5.4324436,3,acg
8.61E+13,7.3765354,4.0174704,5.2959743,3,acg
8.61E+13,7.1251445,4.187459,5.451597,3,acg
8.61E+13,6.9958572,4.537012,5.556942,3,acg
8.61E+13,7.03177,4.55856,5.5737014,3,acg
8.61E+13,7.0365586,4.3598413,5.4899044,3,acg
8.61E+13,7.1466923,4.0078936,5.4899044,3,acg
8.61E+13,7.216124,4.0916905,5.4779334,3,acg
8.61E+13,7.2472486,4.2784386,5.2409077,3,acg
8.61E+13,7.07726,4.405331,5.341464,3,acg
8.61E+13,6.9479733,4.4963107,5.499481,3,acg
8.61E+13,7.0126166,4.4436383,5.4899044,3,acg
8.61E+13,7.177817,4.2425256,5.4061074,3,acg
8.61E+13,7.225701,4.24492,5.45878,3,acg
8.61E+13,7.309498,4.402937,5.4300494,3,acg
8.61E+13,7.309498,4.3742065,5.475539,3,acg
8.61E+13,7.1347213,4.3646297,5.439626,3,acg
8.61E+13,7.053318,4.321534,5.4204726,3,acg
8.61E+13,7.07726,4.175488,5.4420204,3,acg
8.61E+13,7.1634517,4.3023806,5.4444146,3,acg
8.61E+13,7.1395097,4.2640734,5.482722,3,acg
8.61E+13,7.249643,4.1802764,5.4444146,3,acg
8.61E+13,7.2304893,4.225766,5.4659624,3,acg
8.61E+13,7.204153,4.283227,5.5018754,3,acg
8.61E+13,7.1730285,4.2401314,5.3223104,3,acg
8.61E+13,7.086837,4.2066126,5.3582234,3,acg
8.61E+13,7.1610575,4.4220905,5.995081,3,acg
8.61E+13,6.8905125,4.2760444,5.365406,3,acg
8.61E+13,7.201759,4.1060557,5.1259856,3,acg
8.61E+13,7.1754227,4.4699745,5.6551046,3,acg
8.61E+13,7.1227503,4.4603977,5.6431336,3,acg
8.61E+13,7.1945763,4.2904096,5.5617304,3,acg
8.61E+13,7.2185183,4.098873,5.5138464,3,acg
8.61E+13,7.225701,4.098873,5.4444146,3,acg
8.61E+13,7.0964136,4.333505,5.518635,3,acg
8.61E+13,7.0485296,4.4460325,5.473145,3,acg
8.61E+13,7.0485296,4.3861775,5.475539,3,acg
8.61E+13,7.156269,4.1802764,5.60722,3,acg
8.61E+13,7.1706343,4.10845,5.5377884,3,acg
8.61E+13,7.1634517,4.2185836,5.3701944,3,acg
8.61E+13,7.101202,4.3143516,5.4683566,3,acg
8.61E+13,7.0820484,4.426879,5.415684,3,acg
8.61E+13,7.1634517,4.331111,5.5617304,3,acg
8.61E+13,7.249643,4.173094,5.559336,3,acg
8.61E+13,7.2089415,4.048595,5.6527104,3,acg
8.61E+13,7.2185183,4.036624,5.523423,3,acg
8.61E+13,7.0820484,4.2784386,5.535394,3,acg
8.61E+13,6.9886746,4.285621,5.5138464,3,acg
8.61E+13,7.055712,4.177882,5.592855,3,acg
8.61E+13,7.120356,4.10845,5.5258174,3,acg
8.61E+13,7.1706343,4.0797195,5.554548,3,acg
8.61E+13,7.240066,4.185065,5.6000376,3,acg
8.61E+13,7.1873937,4.2904096,5.506664,3,acg
8.61E+13,7.2424603,4.1706996,5.5162406,3,acg
8.61E+13,7.086837,4.187459,5.4803276,3,acg
8.61E+13,7.2687964,4.489128,6.019023,3,acg
8.61E+13,7.302315,4.6591167,5.45878,3,acg
8.61E+13,7.3071036,4.7979803,5.092467,3,acg
8.61E+13,7.302315,5.032612,5.533,3,acg
8.61E+13,6.9886746,4.735731,5.779603,3,acg
8.61E+13,7.1466923,4.0581717,5.5856724,3,acg
8.61E+13,7.33344,4.1659107,5.475539,3,acg
8.61E+13,7.189788,4.4196963,5.2385135,3,acg
8.61E+13,7.041347,4.5274353,5.0493712,3,acg
8.61E+13,7.1347213,4.3718123,5.092467,3,acg
8.61E+13,7.1826053,4.1060557,5.068525,3,acg
8.61E+13,6.991069,3.7253778,6.1507044,3,acg
8.61E+13,7.644686,4.381389,5.681441,3,acg
8.61E+13,7.419631,4.0916905,5.9639564,3,acg
8.61E+13,7.0006456,3.4284968,6.6534867,3,acg
8.61E+13,7.1706343,3.2321723,6.4763155,3,acg
8.61E+13,7.041347,3.1435869,5.7867856,3,acg
8.61E+13,7.405266,3.6511576,4.7285485,3,acg
8.61E+13,7.3789296,4.5274353,4.548983,3,acg
8.61E+13,6.919243,4.280833,4.086902,3,acg
8.61E+13,7.381324,4.3861775,4.367024,3,acg
8.61E+13,7.860164,4.307169,4.43885,3,acg
8.61E+13,7.4962454,4.5082817,4.7644615,3,acg
8.61E+13,7.7308774,4.912902,4.6686935,3,acg
8.61E+13,7.8769236,5.161899,4.6255975,3,acg
8.61E+13,7.66384,5.1666875,4.8841715,3,acg
8.61E+13,7.4746976,4.8386817,4.9105077,3,acg
8.61E+13,7.443573,4.642357,4.7429137,3,acg
8.61E+13,7.2113357,4.4101195,4.7740383,3,acg
8.61E+13,7.2065473,4.405331,5.0158525,3,acg
8.61E+13,7.539341,4.4364557,4.9536033,3,acg
8.61E+13,7.374141,4.1371803,4.8578353,3,acg
8.61E+13,7.6494746,4.211401,4.793192,3,acg
8.61E+13,7.9463553,4.1802764,4.6160207,3,acg
8.61E+13,8.054094,4.175488,4.5441947,3,acg
8.61E+13,7.855376,3.9959226,4.5394063,3,acg
8.61E+13,7.7572136,4.050989,4.441244,3,acg
8.61E+13,7.989451,4.0198646,4.369418,3,acg
8.61E+13,7.8793178,4.0581717,4.146757,3,acg
8.61E+13,7.651869,4.084508,3.9097314,3,acg
8.61E+13,7.469909,4.158728,3.715801,3,acg
8.61E+13,7.630321,4.06296,3.5362358,3,acg
8.61E+13,8.09719,3.9121256,3.383007,3,acg
8.61E+13,8.310274,3.596091,3.4596214,3,acg
8.61E+13,8.135497,3.5003228,3.833117,3,acg
8.61E+13,7.967903,3.5673606,4.0701427,3,acg
8.61E+13,8.037335,3.9815574,4.5394063,3,acg
8.61E+13,8.6334915,4.1802764,4.879383,3,acg
8.61E+13,8.834604,4.1635165,4.6519337,3,acg
8.61E+13,8.336611,4.2185836,4.5322237,3,acg
8.61E+13,7.8386164,4.120421,4.3382936,3,acg
8.61E+13,7.8170686,3.8139634,4.31914,3,acg
8.61E+13,7.9966335,3.2848446,4.5418005,3,acg
8.61E+13,4.259285,3.9073372,8.803479,3,acg
8.61E+13,5.5042696,16.25184,3.0693667,3,acg
8.61E+13,3.620033,16.630125,2.753332,3,acg
8.61E+13,3.7684734,11.015722,3.8187518,3,acg
8.61E+13,4.0677485,6.885724,4.6926355,3,acg
8.61E+13,-0.37507126,0.13439035,-0.172264,3,gyro
8.61E+13,-0.42271876,-0.12217305,-0.48624873,3,gyro
8.61E+13,0.11484267,0.17470746,0.22357668,3,gyro
8.61E+13,0.014660766,0.014660766,0.013439035,3,gyro
8.61E+13,-0.019547688,-0.014660766,0.047647487,3,gyro
8.61E+13,-0.047647487,-0.013439035,0.05375614,3,gyro
8.61E+13,-0.04520403,0,0.036651913,3,gyro
8.61E+13,-0.010995574,-0.009773844,0.029321533,3,gyro
8.61E+13,-0.009773844,-0.009773844,0.02076942,3,gyro
8.61E+13,0.009773844,-0.007330383,-0.002443461,3,gyro
8.61E+13,0.02321288,-0.018325957,-0.002443461,3,gyro
8.61E+13,0.04520403,-0.02687807,-0.004886922,3,gyro
8.61E+13,0.02443461,-0.02076942,-0.010995574,3,gyro
8.61E+13,-0.013439035,-0.021991149,0.006108652,3,gyro
8.61E+13,-0.028099801,-0.003665192,0.015882496,3,gyro
8.61E+13,-0.035430185,0.009773844,0.010995574,3,gyro
8.61E+13,-0.030543262,0.012217305,0.018325957,3,gyro
8.61E+13,-0.021991149,0.030543262,0.028099801,3,gyro
8.61E+13,-0.039095376,0.032986723,-0.02687807,3,gyro
8.61E+13,0.004886922,0.02443461,0.012217305,3,gyro
8.61E+13,-0.037873644,0.001221731,0.04642576,3,gyro
8.61E+13,-0.029321533,0.02443461,-0.017104227,3,gyro
8.61E+13,-0.035430185,0.028099801,0.04642576,3,gyro
8.61E+13,-0.10995574,0.006108652,0.058643065,3,gyro
8.61E+13,-0.07819075,0.02565634,0.02687807,3,gyro
8.61E+13,0.028099801,0.040317107,0,3,gyro
8.61E+13,0.081855945,0.035430185,-0.028099801,3,gyro
8.61E+13,0.064751714,0.02443461,-0.015882496,3,gyro
8.61E+13,0.029321533,-0.004886922,0.010995574,3,gyro
8.61E+13,-0.003665192,-0.009773844,0.013439035,3,gyro
8.61E+13,-0.02565634,-0.010995574,0.014660766,3,gyro
8.61E+13,-0.036651913,-0.001221731,0.02076942,3,gyro
8.61E+13,-0.018325957,0.015882496,-0.003665192,3,gyro
8.61E+13,-0.017104227,0.006108652,0.002443461,3,gyro
8.61E+13,-0.040317107,-0.008552114,0.02076942,3,gyro
8.61E+13,-0.056199603,-0.010995574,0.032986723,3,gyro
8.61E+13,-0.013439035,0.021991149,0.019547688,3,gyro
8.61E+13,0.019547688,0.02687807,0.008552114,3,gyro
8.61E+13,0.007330383,0.012217305,0.007330383,3,gyro
8.61E+13,-0.013439035,0.013439035,0.009773844,3,gyro
8.61E+13,-0.036651913,0.001221731,0.010995574,3,gyro
8.61E+13,-0.043982297,-0.010995574,0.015882496,3,gyro
8.61E+13,-0.05497787,-0.009773844,0.015882496,3,gyro
8.61E+13,-0.057421334,0.004886922,0.008552114,3,gyro
8.61E+13,-0.028099801,0.028099801,0.004886922,3,gyro
8.61E+13,0.007330383,0.037873644,-0.002443461,3,gyro
8.61E+13,0.039095376,0.052534413,-0.010995574,3,gyro
8.61E+13,0.052534413,0.06352998,-0.004886922,3,gyro
8.61E+13,0.030543262,0.064751714,0.009773844,3,gyro
8.61E+13,0,0.05375614,-0.034208454,3,gyro
8.61E+13,0.073303826,0.05375614,0.002443461,3,gyro
8.61E+13,0.05131268,0.018325957,0.02443461,3,gyro
8.61E+13,0.06352998,0.034208454,-0.04153884,3,gyro
8.61E+13,0.03176499,0.018325957,0.02565634,3,gyro
8.61E+13,-0.081855945,-0.012217305,0.037873644,3,gyro
8.61E+13,-0.07574729,-0.006108652,0.007330383,3,gyro
8.61E+13,0.02321288,-0.015882496,-0.014660766,3,gyro
8.61E+13,0.07574729,-0.042760566,-0.029321533,3,gyro
8.61E+13,0.029321533,-0.057421334,-0.013439035,3,gyro
8.61E+13,-0.02443461,-0.064751714,0.007330383,3,gyro
8.61E+13,-0.030543262,-0.065973446,0.013439035,3,gyro
8.61E+13,0.008552114,-0.056199603,0.004886922,3,gyro
8.61E+13,0.039095376,-0.039095376,-0.003665192,3,gyro
8.61E+13,0.043982297,-0.02443461,-0.02443461,3,gyro
8.61E+13,0.035430185,-0.034208454,-0.012217305,3,gyro
8.61E+13,0.012217305,-0.05009095,0.007330383,3,gyro
8.61E+13,-0.013439035,-0.034208454,0.012217305,3,gyro
8.61E+13,0,-0.035430185,0.003665192,3,gyro
8.61E+13,0.032986723,-0.035430185,-0.009773844,3,gyro
8.61E+13,0.040317107,-0.029321533,-0.02321288,3,gyro
8.61E+13,0.029321533,-0.03176499,-0.028099801,3,gyro
8.61E+13,0.040317107,-0.032986723,-0.02443461,3,gyro
8.61E+13,0.030543262,-0.028099801,-0.018325957,3,gyro
8.61E+13,0.015882496,-0.02687807,-0.010995574,3,gyro
8.61E+13,0.010995574,-0.019547688,-0.006108652,3,gyro
8.61E+13,0.014660766,-0.02443461,-0.006108652,3,gyro
8.61E+13,0.014660766,-0.017104227,-0.008552114,3,gyro
8.61E+13,0.013439035,-0.013439035,-0.004886922,3,gyro
8.61E+13,0.017104227,-0.013439035,0.009773844,3,gyro
8.61E+13,-0.006108652,-0.008552114,0.009773844,3,gyro
8.61E+13,0.002443461,-0.002443461,-0.034208454,3,gyro
8.61E+13,0.030543262,-0.018325957,0.03176499,3,gyro
8.61E+13,0.009773844,-0.02565634,0.004886922,3,gyro
8.61E+13,0.035430185,0,-0.04153884,3,gyro
8.61E+13,0.013439035,-0.02443461,0.017104227,3,gyro
8.61E+13,-0.047647487,-0.017104227,0.014660766,3,gyro
8.61E+13,0.03176499,0.002443461,-0.018325957,3,gyro
8.61E+13,0.12950343,-0.008552114,-0.034208454,3,gyro
8.61E+13,0.04886922,-0.05131268,-0.039095376,3,gyro
8.61E+13,-0.089186326,-0.07941248,-0.004886922,3,gyro
8.61E+13,-0.105068825,-0.07452556,0.009773844,3,gyro
8.61E+13,-0.004886922,-0.05497787,-0.015882496,3,gyro
8.61E+13,0.073303826,-0.02565634,-0.009773844,3,gyro
8.61E+13,0.061086524,0.015882496,-0.015882496,3,gyro
8.61E+13,0.029321533,0.021991149,-0.015882496,3,gyro
8.61E+13,0.003665192,0.010995574,0.014660766,3,gyro
8.61E+13,-0.019547688,-0.001221731,0.02443461,3,gyro
8.61E+13,-0.017104227,-0.001221731,0.02687807,3,gyro
8.61E+13,0.001221731,0.002443461,0.014660766,3,gyro
8.61E+13,0.002443461,0.003665192,0.007330383,3,gyro
8.61E+13,-0.02076942,0.008552114,0.008552114,3,gyro
8.61E+13,-0.034208454,0.004886922,0.008552114,3,gyro
8.61E+13,-0.028099801,-0.001221731,0.017104227,3,gyro
8.61E+13,-0.013439035,-0.006108652,0.02076942,3,gyro
8.61E+13,-0.012217305,-0.007330383,0.02076942,3,gyro
8.61E+13,-0.019547688,-0.010995574,0.013439035,3,gyro
8.61E+13,-0.006108652,-0.003665192,-0.004886922,3,gyro
8.61E+13,0.008552114,-0.001221731,-0.002443461,3,gyro
8.61E+13,-0.019547688,0.003665192,0,3,gyro
8.61E+13,-0.02687807,0.007330383,0.019547688,3,gyro
8.61E+13,-0.037873644,0.010995574,-0.007330383,3,gyro
8.61E+13,0.02565634,0.009773844,-0.028099801,3,gyro
8.61E+13,0.010995574,-0.012217305,0.04153884,3,gyro
8.61E+13,-0.018325957,0.008552114,-0.021991149,3,gyro
8.61E+13,0.018325957,0.02321288,-0.008552114,3,gyro
8.61E+13,-0.037873644,0,0.05009095,3,gyro
8.61E+13,-0.073303826,0.004886922,0.019547688,3,gyro
8.61E+13,-0.008552114,0.019547688,0.003665192,3,gyro
8.61E+13,0.047647487,0.010995574,-0.02076942,3,gyro
8.61E+13,0.030543262,-0.001221731,-0.012217305,3,gyro
8.61E+13,-0.03176499,-0.017104227,0.017104227,3,gyro
8.61E+13,-0.05131268,-0.02443461,0.012217305,3,gyro
8.61E+13,0,-0.007330383,-0.004886922,3,gyro
8.61E+13,0.04153884,0.007330383,0,3,gyro
8.61E+13,0.02443461,0.012217305,-0.004886922,3,gyro
8.61E+13,-0.030543262,0.001221731,0.017104227,3,gyro
8.61E+13,-0.14294247,-0.02076942,0.04153884,3,gyro
8.61E+13,-0.21013765,-0.019547688,0.040317107,3,gyro
8.61E+13,-0.16615535,0.003665192,0.02687807,3,gyro
8.61E+13,-0.014660766,0.006108652,-0.007330383,3,gyro
8.61E+13,0.007330383,0.004886922,-0.014660766,3,gyro
8.61E+13,0.004886922,-0.001221731,-0.009773844,3,gyro
8.61E+13,-0.030543262,-0.013439035,0.003665192,3,gyro
8.61E+13,-0.02687807,-0.018325957,0.008552114,3,gyro
8.61E+13,0.018325957,-0.008552114,-0.004886922,3,gyro
8.61E+13,0.013439035,-0.008552114,-0.013439035,3,gyro
8.61E+13,0.008552114,-0.006108652,-0.028099801,3,gyro
8.61E+13,0.006108652,-0.001221731,-0.017104227,3,gyro
8.61E+13,0.006108652,0,-0.036651913,3,gyro
8.61E+13,0.02687807,-0.012217305,-0.06841691,3,gyro
8.61E+13,0.059864793,-0.0720821,-0.06963864,3,gyro
8.61E+13,0.047647487,-0.118507855,-0.010995574,3,gyro
8.61E+13,-0.036651913,-0.15882497,-0.007330383,3,gyro
8.61E+13,-0.12095132,-0.17592919,-0.017104227,3,gyro
8.61E+13,-0.09040806,-0.2443461,0.064751714,3,gyro
8.61E+13,0.008552114,-0.27855456,0.04642576,3,gyro
8.61E+13,0.10629055,-0.22235495,-0.02076942,3,gyro
8.61E+13,0.05131268,-0.14660765,0.08674286,3,gyro
8.61E+13,-0.07819075,-0.073303826,0.14905111,3,gyro
8.61E+13,-0.172264,0.02443461,0.18203785,3,gyro
8.61E+13,-0.17104226,0.119729586,0.22602014,3,gyro
8.61E+13,0.034208454,0.12217305,0.20647246,3,gyro
8.61E+13,0.30298916,0.17715092,0.23457226,3,gyro
8.61E+13,0.12705997,0.043982297,0.22724187,3,gyro
8.61E+13,0.19547687,-0.10140363,0.14905111,3,gyro
8.61E+13,0.5021312,-0.15149458,0.18570304,3,gyro
8.61E+13,0.9370673,-0.21013765,0.1881465,3,gyro
8.61E+13,0.7733554,-0.20769419,0.001221731,3,gyro
8.61E+13,0.53878313,-0.14660765,0.008552114,3,gyro
8.61E+13,0.49235737,-0.081855945,-0.014660766,3,gyro
8.61E+13,0.40317106,-0.22113322,-0.002443461,3,gyro
8.61E+13,0.2687807,-0.019547688,0.02321288,3,gyro
8.61E+13,0.3933972,-0.09407325,-0.010995574,3,gyro
8.61E+13,0.4129449,-0.057421334,0.05131268,3,gyro
8.61E+13,0.22724187,-0.057421334,0.08674286,3,gyro
8.61E+13,0.103847094,-0.065973446,0.13194689,3,gyro
8.61E+13,0.09773844,-0.09896017,0.19303341,3,gyro
8.61E+13,0.10140363,-0.089186326,0.22113322,3,gyro
8.61E+13,0.089186326,-0.09407325,0.21502456,3,gyro
8.61E+13,0.111177474,-0.15271631,0.24312437,3,gyro
8.61E+13,0.096516706,-0.111177474,0.25900686,3,gyro
8.61E+13,0.08552113,-0.14538592,0.25411993,3,gyro
8.61E+13,0.14660765,-0.11484267,0.27488935,3,gyro
8.61E+13,0.17715092,-0.07574729,0.24556783,3,gyro
8.61E+13,0.1685988,-0.07086037,0.21868975,3,gyro
8.61E+13,0.18936823,-0.06352998,0.22235495,3,gyro
8.61E+13,0.2284636,-0.06841691,0.20647246,3,gyro
8.61E+13,0.23945917,-0.09285152,0.19303341,3,gyro
8.61E+13,0.20769419,-0.1001819,0.19425514,3,gyro
8.61E+13,0.096516706,-0.12461651,0.20769419,3,gyro
8.61E+13,-0.034208454,-0.12339478,0.23701571,3,gyro
8.61E+13,-0.1600467,-0.09040806,0.25900686,3,gyro
8.61E+13,-0.26267207,-0.05497787,0.25900686,3,gyro
8.61E+13,-0.26511553,0.008552114,0.21868975,3,gyro
8.61E+13,-0.17470746,0.028099801,0.1685988,3,gyro
8.61E+13,-0.096516706,0.056199603,0.112399206,3,gyro
8.61E+13,-0.062308256,0.030543262,0.087964594,3,gyro
8.61E+13,-0.0842994,0.047647487,0.07819075,3,gyro
8.61E+13,-0.13683382,0.12217305,0.05497787,3,gyro
8.61E+13,-0.18325958,0.15393804,0.10751228,3,gyro
8.61E+13,-0.19425514,0.1685988,0.1685988,3,gyro
8.61E+13,-0.14538592,0.21502456,0.17837265,3,gyro
8.61E+13,-0.09040806,0.006108652,-0.015882496,3,gyro
8.61E+13,7.0567155,-0.7696902,1.2266175,3,gyro
8.61E+13,4.382347,-0.4373795,1.1068878,3,gyro
8.61E+13,1.4025466,-0.54000485,2.0073032,3,gyro
8.61E+13,0.29077184,-0.55833083,2.0610592,3,gyro
8.61E+13,91,3,hrt,,
8.61E+13,91,3,hrt,,
8.61E+13,91,3,hrt,,
8.61E+13,39.719997,43.26,-38.52,3,mgm
8.61E+13,22.92,32.52,-41.219997,3,mgm
8.61E+13,15,27.3,-42.84,3,mgm
8.61E+13,7.08,22.56,-44.64,3,mgm
8.61E+13,7.2599998,22.619999,-44.7,3,mgm
8.61E+13,7.74,22.5,-44.76,3,mgm
8.61E+13,7.3799996,22.439999,-45.42,3,mgm
8.61E+13,7.5,22.02,-45.36,3,mgm
8.61E+13,7.74,22.26,-45.42,3,mgm
8.61E+13,7.14,22.08,-45.539997,3,mgm
8.61E+13,7.74,22.26,-45.66,3,mgm
8.61E+13,7.3799996,22.38,-45.78,3,mgm
8.61E+13,6.7799997,21.96,-45.12,3,mgm
8.61E+13,6.8999996,22.02,-45.48,3,mgm
8.61E+13,6.48,21.48,-45.239998,3,mgm
8.61E+13,7.2599998,21.779999,-45.3,3,mgm
8.61E+13,7.9199996,22.08,-45.719997,3,mgm
8.61E+13,8.22,22.199999,-45.48,3,mgm
8.61E+13,8.639999,22.68,-45.42,3,mgm
8.61E+13,7.68,22.32,-45.719997,3,mgm
8.61E+13,7.2599998,22.199999,-45.96,3,mgm
8.61E+13,7.02,22.32,-45.719997,3,mgm
8.61E+13,7.14,22.38,-45.719997,3,mgm
8.61E+13,7.8599997,22.199999,-45.48,3,mgm
8.61E+13,8.28,22.32,-45.539997,3,mgm
8.61E+13,8.82,22.56,-45.66,3,mgm
8.61E+13,8.4,22.619999,-45.899998,3,mgm
8.61E+13,8.4,23.279999,-46.02,3,mgm
8.61E+13,8.639999,23.34,-45.539997,3,mgm
8.61E+13,8.04,23.16,-45.42,3,mgm
8.61E+13,8.04,22.98,-45.239998,3,mgm
8.61E+13,7.62,22.38,-45.719997,3,mgm
8.61E+13,7.62,22.26,-46.26,3,mgm
8.61E+13,7.9199996,22.08,-46.62,3,mgm
8.61E+13,8.28,22.32,-46.5,3,mgm
8.61E+13,8.5199995,22.68,-45.719997,3,mgm
8.61E+13,8.58,22.8,-45.059998,3,mgm
8.61E+13,8.28,22.68,-45.6,3,mgm
8.61E+13,7.74,22.38,-45.42,3,mgm
8.61E+13,7.56,22.14,-45.48,3,mgm
8.61E+13,6.72,21.9,-46.079998,3,mgm
8.61E+13,6.96,21.9,-45.78,3,mgm
8.61E+13,7.74,22.199999,-46.079998,3,mgm
8.61E+13,7.68,22.38,-46.02,3,mgm
8.61E+13,7.7999997,22.38,-45.78,3,mgm
8.61E+13,7.62,22.32,-45.539997,3,mgm
8.61E+13,7.2599998,22.14,-45.78,3,mgm
8.61E+13,7.3199997,21.779999,-45.719997,3,mgm
8.61E+13,7.8599997,21.96,-45.6,3,mgm
8.61E+13,8.04,21.9,-45.719997,3,mgm
8.61E+13,8.22,22.14,-45.719997,3,mgm
8.61E+13,7.9199996,22.439999,-45.899998,3,mgm
8.61E+13,7.08,21.9,-46.62,3,mgm
8.61E+13,6.8399997,22.08,-46.739998,3,mgm
8.61E+13,6.6,21.6,-46.739998,3,mgm
8.61E+13,6.8999996,21.84,-47.039997,3,mgm
8.61E+13,7.56,22.5,-46.68,3,mgm
8.61E+13,7.56,22.439999,-46.68,3,mgm
8.61E+13,7.68,22.8,-46.739998,3,mgm
8.61E+13,7.98,22.68,-46.559998,3,mgm
8.61E+13,7.68,22.5,-46.079998,3,mgm
8.61E+13,8.5199995,22.56,-46.5,3,mgm
8.61E+13,8.5199995,22.26,-46.02,3,mgm
8.61E+13,7.98,22.199999,-45.84,3,mgm
8.61E+13,8.28,22.32,-46.2,3,mgm
8.61E+13,8.099999,22.26,-45.719997,3,mgm
8.61E+13,7.62,22.5,-45.36,3,mgm
8.61E+13,7.98,22.619999,-45.899998,3,mgm
8.61E+13,7.68,22.56,-46.079998,3,mgm
8.61E+13,6.96,22.619999,-45.539997,3,mgm
8.61E+13,7.2599998,22.32,-46.379997,3,mgm
8.61E+13,7.56,22.5,-45.719997,3,mgm
8.61E+13,8.16,22.619999,-45.78,3,mgm
8.61E+13,8.7,22.92,-46.26,3,mgm
8.61E+13,8.34,22.8,-45.78,3,mgm
8.61E+13,7.62,22.199999,-46.02,3,mgm
8.61E+13,7.56,22.26,-45.899998,3,mgm
8.61E+13,7.2599998,21.96,-45.539997,3,mgm
8.61E+13,7.68,21.84,-46.02,3,mgm
8.61E+13,8.88,22.56,-45.84,3,mgm
8.61E+13,8.639999,22.68,-45.48,3,mgm
8.61E+13,8.46,22.619999,-45.899998,3,mgm
8.61E+13,7.9199996,22.8,-45.36,3,mgm
8.61E+13,7.2,22.32,-45.42,3,mgm
8.61E+13,7.14,22.02,-45.66,3,mgm
8.61E+13,7.2599998,21.779999,-45.539997,3,mgm
8.61E+13,7.62,21.779999,-45.719997,3,mgm
8.61E+13,7.68,21.779999,-45.78,3,mgm
8.61E+13,7.7999997,21.779999,-45.6,3,mgm
8.61E+13,7.8599997,22.439999,-45.239998,3,mgm
8.61E+13,8.5199995,22.859999,-45.239998,3,mgm
8.61E+13,8.22,22.74,-45.059998,3,mgm
8.61E+13,8.34,23.34,-45.059998,3,mgm
8.61E+13,8.16,23.16,-45.12,3,mgm
8.61E+13,7.9199996,22.859999,-45.239998,3,mgm
8.61E+13,8.28,22.8,-45.6,3,mgm
8.61E+13,7.98,22.02,-45.719997,3,mgm
8.61E+13,8.22,21.84,-46.2,3,mgm
8.61E+13,7.44,21.66,-45.719997,3,mgm
8.61E+13,7.3799996,21.779999,-45.48,3,mgm
8.61E+13,7.9199996,22.26,-45.66,3,mgm
8.61E+13,7.5,22.08,-45.84,3,mgm
8.61E+13,7.9199996,22.199999,-46.68,3,mgm
8.61E+13,7.74,22.199999,-47.039997,3,mgm
8.61E+13,6.8999996,21.9,-46.92,3,mgm
8.61E+13,7.08,22.08,-46.5,3,mgm
8.61E+13,6.72,21.84,-46.26,3,mgm
8.61E+13,7.08,21.96,-46.079998,3,mgm
8.61E+13,6.8999996,21.9,-46.14,3,mgm
8.61E+13,7.3799996,21.72,-46.5,3,mgm
8.61E+13,7.7999997,21.96,-46.32,3,mgm
8.61E+13,7.44,21.779999,-46.32,3,mgm
8.61E+13,7.8599997,21.96,-46.379997,3,mgm
8.61E+13,7.62,22.14,-46.26,3,mgm
8.61E+13,7.8599997,22.56,-46.079998,3,mgm
8.61E+13,7.8599997,22.5,-46.32,3,mgm
8.61E+13,8.28,22.5,-45.84,3,mgm
8.61E+13,8.94,22.8,-45.78,3,mgm
8.61E+13,9.36,22.68,-45.539997,3,mgm
8.61E+13,9.599999,22.619999,-45.36,3,mgm
8.61E+13,8.94,22.98,-45.719997,3,mgm
8.61E+13,8.28,22.5,-45.719997,3,mgm
8.61E+13,7.68,21.96,-46.2,3,mgm
8.61E+13,8.22,22.439999,-45.78,3,mgm
8.61E+13,8.58,22.08,-45.66,3,mgm
8.61E+13,8.7,22.38,-45.66,3,mgm
8.61E+13,9.12,22.98,-45.18,3,mgm
8.61E+13,8.16,22.38,-45.78,3,mgm
8.61E+13,8.04,22.38,-45.78,3,mgm
8.61E+13,8.22,22.32,-45.36,3,mgm
8.61E+13,8.04,22.199999,-46.14,3,mgm
8.61E+13,8.28,22.38,-45.78,3,mgm
8.61E+13,8.5199995,22.32,-45.84,3,mgm
8.61E+13,8.099999,22.32,-45.84,3,mgm
8.61E+13,7.9199996,22.02,-45.42,3,mgm
8.61E+13,7.8599997,22.439999,-45.719997,3,mgm
8.61E+13,7.7999997,22.439999,-45.66,3,mgm
8.61E+13,7.98,22.26,-46.079998,3,mgm
8.61E+13,7.8599997,22.5,-46.02,3,mgm
8.61E+13,8.16,22.38,-45.78,3,mgm
8.61E+13,8.28,22.56,-45.899998,3,mgm
8.61E+13,7.98,22.619999,-45.42,3,mgm
8.61E+13,7.9199996,22.199999,-45.48,3,mgm
8.61E+13,7.8599997,21.72,-45.36,3,mgm
8.61E+13,7.62,21.48,-45.66,3,mgm
8.61E+13,8.28,21.84,-46.079998,3,mgm
8.61E+13,8.76,21.96,-46.079998,3,mgm
8.61E+13,8.28,22.14,-45.719997,3,mgm
8.61E+13,7.98,21.84,-45.48,3,mgm
8.61E+13,7.5,21.6,-45,3,mgm
8.61E+13,7.2,21.72,-44.76,3,mgm
8.61E+13,7.44,22.14,-45,3,mgm
8.61E+13,8.16,22.439999,-45.12,3,mgm
8.61E+13,8.4,22.74,-45.18,3,mgm
8.61E+13,8.7,23.22,-45,3,mgm
8.61E+13,8.94,22.74,-44.879997,3,mgm
8.61E+13,8.7,23.34,-44.64,3,mgm
8.61E+13,8.46,22.98,-44.94,3,mgm
8.61E+13,8.22,23.039999,-44.76,3,mgm
8.61E+13,8.22,23.58,-44.399998,3,mgm
8.61E+13,8.099999,23.64,-44.76,3,mgm
8.61E+13,7.9199996,23.64,-45,3,mgm
8.61E+13,8.4,23.64,-45.18,3,mgm
8.61E+13,8.94,23.82,-45.48,3,mgm
8.61E+13,9.059999,23.88,-44.879997,3,mgm
8.61E+13,9.54,24.359999,-44.219997,3,mgm
8.61E+13,9.179999,24.539999,-44.34,3,mgm
8.61E+13,8.4,24.3,-44.7,3,mgm
8.61E+13,8.22,24.119999,-45,3,mgm
8.61E+13,7.7999997,24.18,-44.82,3,mgm
8.61E+13,8.099999,24.119999,-45,3,mgm
8.61E+13,8.22,24.06,-44.879997,3,mgm
8.61E+13,8.22,24.18,-45.059998,3,mgm
8.61E+13,8.28,24.24,-45.539997,3,mgm
8.61E+13,7.9199996,24.119999,-45.3,3,mgm
8.61E+13,7.56,24.119999,-45.18,3,mgm
8.61E+13,7.44,24.24,-44.879997,3,mgm
8.61E+13,7.56,24.3,-44.399998,3,mgm
8.61E+13,7.9199996,25.019999,-44.34,3,mgm
8.61E+13,8.58,25.68,-44.28,3,mgm
8.61E+13,8.639999,26.099998,-44.28,3,mgm
8.61E+13,8.76,26.279999,-44.64,3,mgm
8.61E+13,8.7,26.279999,-44.76,3,mgm
8.61E+13,8.5199995,26.46,-44.76,3,mgm
8.61E+13,8.7,26.4,-44.28,3,mgm
8.61E+13,8.76,26.519999,-44.04,3,mgm
8.61E+13,8.76,26.58,-43.62,3,mgm
8.61E+13,-29.279999,6.7799997,-4.44,3,mgm
8.61E+13,-29.039999,6.96,-3.78,3,mgm
8.61E+13,-29.88,7.02,-3.6599998,3,mgm
